[48;2;0;0;0m[38;2;0;0;0m▄▄▄▄▄▄▄▄▄▄▄▄▄▄▄▄▄▄▄▄▄▄▄▄▄▄▄▄▄▄▄▄▄▄▄▄▄▄▄▄▄▄▄▄▄▄▄▄▄▄▄[0m
[48;2;0;0;0m[38;2;0;0;0m▄▄▄▄▄▄▄▄▄▄▄▄▄▄▄▄▄▄▄▄▄▄▄▄▄▄▄▄▄▄▄▄▄▄▄▄▄▄▄▄▄▄▄▄▄▄▄▄▄▄▄[0m
[48;2;0;0;0m[38;2;0;0;0m▄▄▄▄▄▄▄▄▄▄▄▄▄▄▄▄▄▄▄▄▄▄▄▄▄▄▄▄▄▄▄▄▄▄▄▄▄▄▄▄▄▄▄▄▄▄▄▄▄▄▄[0m
[48;2;0;0;0m[38;2;0;0;0m▄▄▄▄▄▄▄▄▄▄▄▄▄▄▄▄▄▄▄▄▄▄▄▄▄▄▄▄▄▄▄▄▄▄▄▄▄▄▄▄▄▄▄▄▄▄▄▄▄▄▄[0m
[48;2;0;0;0m[38;2;0;0;0m▄▄▄▄▄▄▄▄▄▄▄▄▄▄▄▄▄▄▄▄▄▄▄▄▄▄▄▄▄▄▄▄▄▄▄▄▄▄▄▄▄▄▄▄▄▄▄▄▄▄▄[0m
[48;2;0;0;0m[38;2;0;0;0m▄▄▄▄▄▄▄▄▄▄▄▄▄▄▄▄▄▄▄▄▄▄▄▄▄▄▄▄▄▄▄▄[38;2;172;46;0m▄[38;2;183;53;0m▄[38;2;0;0;0m▄[38;2;174;48;0m▄[38;2;180;52;0m▄[38;2;176;49;0m▄[38;2;183;53;0m▄[38;2;210;108;11m▄[38;2;173;47;0m▄[38;2;183;52;0m▄[38;2;255;221;42m▄[38;2;0;0;0m▄▄▄▄▄▄▄▄[0m
[48;2;0;0;0m[38;2;0;0;0m▄▄▄▄▄▄[38;2;179;51;0m▄[38;2;254;227;56m▄[38;2;255;228;60m▄[38;2;254;212;37m▄[38;2;0;0;0m▄[48;2;175;43;0m[38;2;183;55;0m▄[48;2;178;50;0m[38;2;255;232;64m▄[48;2;0;0;0m[38;2;253;192;19m▄[38;2;0;0;0m▄[48;2;177;51;0m[38;2;255;226;55m▄[48;2;180;50;0m[38;2;255;233;66m▄[48;2;0;0;0m[38;2;0;0;0m▄[48;2;179;51;0m[38;2;255;231;63m▄[48;2;183;54;0m[38;2;255;234;67m▄[48;2;186;63;1m[38;2;255;231;61m▄[48;2;190;73;5m[38;2;255;234;67m▄[48;2;232;130;7m[38;2;255;223;47m▄[48;2;178;49;0m[38;2;179;49;0m▄[48;2;255;234;57m[38;2;255;244;77m▄[48;2;0;0;0m[38;2;0;0;0m▄▄▄[48;2;254;182;7m[38;2;255;197;17m▄[48;2;255;247;75m[38;2;255;250;79m▄[48;2;0;0;0m[38;2;0;0;0m▄▄[48;2;177;49;0m[38;2;177;49;0m▄[48;2;255;249;79m[38;2;255;250;80m▄[48;2;255;239;64m[38;2;255;236;56m▄[48;2;175;48;0m[38;2;174;47;0m▄[48;2;255;248;78m[38;2;255;246;77m▄[48;2;255;248;79m[38;2;255;242;73m▄[48;2;179;50;0m[38;2;0;0;0m▄[48;2;255;236;67m[38;2;209;105;10m▄[48;2;242;166;14m[38;2;255;228;62m▄[48;2;255;230;62m[38;2;255;224;55m▄[48;2;255;214;29m[38;2;0;0;0m▄[48;2;0;0;0m▄▄▄▄▄▄▄▄[0m
[48;2;0;0;0m[38;2;0;0;0m▄▄▄▄▄▄[48;2;255;230;63m[38;2;255;223;55m▄[48;2;240;181;30m[38;2;255;223;56m▄[48;2;0;0;0m[38;2;255;219;51m▄[48;2;255;229;60m[38;2;255;210;36m▄[48;2;254;201;20m[38;2;176;52;0m▄[48;2;180;52;0m[38;2;177;49;0m▄[48;2;255;230;65m[38;2;255;223;58m▄[48;2;225;157;30m[38;2;255;221;55m▄[48;2;178;49;0m[38;2;255;221;54m▄[48;2;255;220;45m[38;2;255;221;55m▄[48;2;255;229;64m[38;2;255;220;54m▄[48;2;0;0;0m[38;2;0;0;0m▄[48;2;255;226;58m[38;2;255;218;49m▄[48;2;255;227;60m[38;2;255;219;53m▄[48;2;177;49;0m[38;2;255;218;46m▄[48;2;181;52;0m[38;2;255;217;42m▄[48;2;255;193;8m[38;2;255;205;20m▄[48;2;179;49;0m[38;2;179;49;0m▄[48;2;255;238;71m[38;2;255;228;62m▄[48;2;0;0;0m[38;2;0;0;0m▄[38;2;255;0;0m▄[38;2;0;0;0m▄[48;2;255;204;20m[38;2;255;210;26m▄[48;2;255;251;81m[38;2;255;249;80m▄[48;2;0;0;0m[38;2;178;50;0m▄[38;2;180;50;0m▄[48;2;177;49;0m[38;2;178;50;0m▄[48;2;255;250;80m[38;2;255;244;74m▄[48;2;255;225;33m[38;2;254;228;56m▄[48;2;177;48;0m[38;2;185;53;0m▄[48;2;255;235;67m[38;2;255;221;54m▄[48;2;255;228;53m[38;2;210;120;17m▄[48;2;175;48;0m[38;2;185;53;0m▄[48;2;236;163;25m[38;2;255;204;38m▄[48;2;255;217;50m[38;2;184;54;0m▄[48;2;255;211;43m[38;2;255;199;33m▄[48;2;0;0;0m[38;2;255;195;21m▄[38;2;0;0;0m▄▄▄▄▄▄▄▄[0m
[48;2;0;0;0m[38;2;0;0;0m▄▄▄▄▄[48;2;255;0;0m▄[48;2;177;49;0m[38;2;255;199;31m▄[48;2;255;210;33m[38;2;250;186;22m▄[48;2;255;213;40m[38;2;181;52;0m▄[48;2;255;214;48m[38;2;255;198;31m▄[48;2;255;207;37m[38;2;255;198;29m▄[48;2;183;54;0m[38;2;177;48;0m▄[48;2;255;211;47m[38;2;255;198;35m▄[48;2;255;206;33m[38;2;255;193;25m▄[48;2;0;0;0m[38;2;0;0;0m▄[48;2;254;201;34m[38;2;254;186;21m▄[48;2;255;207;44m[38;2;255;196;31m▄[48;2;0;0;0m[38;2;0;0;0m▄[48;2;255;205;38m[38;2;255;190;23m▄[48;2;255;205;39m[38;2;255;194;29m▄[48;2;179;51;0m[38;2;255;193;28m▄[48;2;182;52;0m[38;2;255;195;28m▄[48;2;187;61;1m[38;2;255;195;21m▄[48;2;178;49;0m[38;2;180;50;0m▄[48;2;255;213;48m[38;2;255;201;32m▄[48;2;255;210;41m[38;2;255;203;33m▄[48;2;255;217;48m[38;2;255;209;37m▄[48;2;255;216;42m[38;2;255;204;23m▄[48;2;255;219;43m[38;2;255;213;23m▄[48;2;255;237;70m[38;2;255;127;0m▄[48;2;255;237;68m[38;2;0;0;0m▄[48;2;255;238;70m▄[48;2;0;0;0m▄[48;2;205;91;5m▄[48;2;255;222;54m▄[48;2;255;214;45m▄[48;2;255;208;36m▄[48;2;0;0;0m▄[48;2;255;195;17m▄[48;2;255;196;21m▄[48;2;0;0;0m▄▄▄▄▄▄▄▄▄▄▄[0m
[48;2;0;0;0m[38;2;0;0;0m▄▄▄▄▄▄[48;2;255;191;17m▄[48;2;255;191;24m▄[48;2;255;191;23m▄[48;2;255;191;21m▄[48;2;0;0;0m▄▄[48;2;255;191;20m▄[48;2;255;193;15m▄[48;2;0;0;0m▄[48;2;255;178;0m▄[48;2;0;0;0m▄▄▄▄▄▄▄▄▄▄▄▄▄▄▄▄▄▄▄▄▄▄▄▄▄▄▄▄▄▄▄▄▄▄▄[0m
[48;2;0;0;0m[38;2;0;0;0m▄▄▄▄▄▄▄▄▄▄▄▄▄▄▄▄▄▄▄▄▄▄▄▄▄▄▄▄▄▄▄▄▄▄▄▄▄▄▄▄▄▄▄▄▄▄▄▄▄▄▄[0m
[48;2;0;0;0m[38;2;0;0;0m▄▄▄▄▄▄▄▄▄▄▄▄▄▄▄▄▄▄▄▄▄▄▄▄▄▄▄▄▄▄▄▄▄▄▄▄▄▄▄▄▄▄▄▄▄▄▄▄▄▄▄[0m
[48;2;0;0;0m[38;2;0;0;0m▄▄▄▄▄▄▄▄▄▄▄▄▄▄▄▄▄▄▄▄▄▄▄▄▄▄▄▄▄▄▄▄▄▄▄▄▄▄▄▄▄▄▄▄▄▄▄▄▄▄▄[0m
[48;2;0;0;0m[38;2;0;0;0m▄▄▄▄▄▄▄▄▄▄▄▄▄▄▄▄▄▄▄▄▄▄▄▄▄▄▄▄▄▄▄▄▄▄▄▄▄▄▄▄▄▄▄▄▄▄▄▄▄▄▄[0m
[48;2;0;0;0m[38;2;0;0;0m▄▄▄▄▄▄▄▄▄▄▄▄▄▄▄▄▄▄▄▄▄▄▄▄▄▄▄▄▄▄▄▄▄▄▄▄▄▄▄▄▄▄▄▄▄▄▄▄▄▄▄[0m
