[48;2;0;0;0m[38;2;0;0;0m▄▄▄▄▄▄▄▄▄▄▄▄▄▄▄▄▄▄▄▄▄▄▄▄▄▄▄▄▄▄▄▄▄▄▄▄▄▄▄▄▄▄▄▄▄▄▄▄▄▄▄[0m
[48;2;0;0;0m[38;2;0;0;0m▄▄▄▄▄▄▄▄▄▄▄▄▄▄▄▄▄▄▄▄▄▄▄▄▄▄▄▄▄▄▄▄▄▄▄▄▄▄▄▄▄▄▄▄▄▄▄▄▄▄▄[0m
[48;2;0;0;0m[38;2;0;0;0m▄▄▄▄▄▄▄▄▄▄▄▄▄▄▄▄▄▄▄▄▄▄▄▄▄▄▄▄▄▄▄▄▄▄▄▄▄▄▄▄▄▄▄▄▄▄▄▄▄▄▄[0m
[48;2;0;0;0m[38;2;0;0;0m▄▄▄▄▄▄▄▄▄▄▄▄▄▄▄▄▄▄▄▄▄▄▄▄▄▄▄▄▄▄▄▄▄▄▄▄▄▄▄▄▄▄▄▄▄▄▄▄▄▄▄[0m
[48;2;0;0;0m[38;2;0;0;0m▄▄▄▄▄▄▄▄▄▄▄▄▄▄▄▄▄▄▄▄▄▄▄▄▄▄▄▄▄▄▄▄▄▄▄▄▄▄▄▄▄▄▄▄▄▄▄▄▄▄▄[0m
[48;2;0;0;0m[38;2;0;0;0m▄▄▄▄▄▄▄▄▄[38;2;255;215;43m▄[38;2;232;157;24m▄[38;2;182;51;0m▄[38;2;172;46;0m▄[38;2;184;52;0m▄[38;2;178;49;0m▄[38;2;0;0;0m▄[38;2;183;49;0m▄[38;2;180;51;0m▄[38;2;172;46;0m▄[38;2;181;51;0m▄[38;2;179;48;0m▄[38;2;177;44;0m▄[38;2;0;0;0m▄▄▄▄▄▄▄▄▄▄▄▄▄▄▄▄▄▄▄▄▄▄▄▄▄▄▄▄▄[0m
[48;2;0;0;0m[38;2;0;0;0m▄▄▄▄▄▄▄▄[48;2;255;228;58m[38;2;255;212;31m▄[48;2;246;194;33m[38;2;255;225;58m▄[48;2;252;206;37m[38;2;255;221;51m▄[48;2;255;232;62m[38;2;187;54;0m▄[48;2;181;50;0m[38;2;177;50;0m▄[48;2;255;247;77m[38;2;255;240;72m▄[48;2;184;52;0m[38;2;230;129;7m▄[48;2;0;0;0m[38;2;179;50;0m▄[48;2;255;250;79m[38;2;255;251;82m▄[48;2;250;176;22m[38;2;254;208;31m▄[48;2;220;133;12m[38;2;219;138;18m▄[48;2;255;250;80m[38;2;255;251;81m▄[48;2;255;250;81m[38;2;183;53;0m▄[48;2;255;250;79m[38;2;181;57;0m▄[48;2;255;249;79m[38;2;255;197;8m▄[48;2;179;48;0m[38;2;0;0;0m▄[48;2;255;250;80m[38;2;255;251;83m▄[48;2;179;49;0m[38;2;180;50;0m▄[48;2;0;0;0m[38;2;0;0;0m▄▄[48;2;255;173;11m[38;2;255;208;20m▄[48;2;190;73;5m[38;2;255;236;70m▄[48;2;177;49;0m[38;2;180;50;0m▄[48;2;0;0;0m[38;2;0;0;0m▄▄[38;2;255;188;15m▄[48;2;179;50;0m[38;2;255;233;67m▄[48;2;175;49;0m[38;2;182;53;0m▄[48;2;0;0;0m[38;2;0;0;0m▄[48;2;178;52;0m[38;2;255;227;57m▄[48;2;178;50;0m[38;2;255;230;59m▄[48;2;0;0;0m[38;2;0;0;0m▄[48;2;176;39;0m[38;2;255;228;57m▄[48;2;0;0;0m[38;2;255;224;51m▄[38;2;0;0;0m▄[38;2;201;84;1m▄[38;2;253;215;48m▄[38;2;244;174;6m▄[38;2;0;0;0m▄▄▄▄▄[0m
[48;2;0;0;0m[38;2;0;0;0m▄▄▄▄▄▄▄▄[48;2;194;65;0m[38;2;255;198;24m▄[48;2;188;57;0m[38;2;255;196;29m▄[48;2;255;213;42m[38;2;205;96;8m▄[48;2;255;218;51m[38;2;255;205;40m▄[48;2;187;55;0m[38;2;184;53;0m▄[48;2;255;230;64m[38;2;255;215;49m▄[48;2;255;236;68m[38;2;241;178;32m▄[48;2;255;247;78m[38;2;172;46;0m▄[48;2;255;250;82m[38;2;255;238;69m▄[48;2;255;233;46m[38;2;255;236;59m▄[48;2;175;45;0m[38;2;175;49;0m▄[48;2;255;252;83m[38;2;255;251;83m▄[48;2;255;248;77m[38;2;182;51;0m▄[48;2;255;251;82m[38;2;178;49;0m▄[48;2;253;177;11m[38;2;177;48;0m▄[48;2;0;0;0m[38;2;255;0;0m▄[48;2;255;248;81m[38;2;255;237;70m▄[48;2;180;50;0m[38;2;181;51;0m▄[48;2;0;0;0m[38;2;0;0;0m▄▄[48;2;255;214;26m[38;2;255;214;33m▄[48;2;255;230;64m[38;2;255;220;54m▄[48;2;178;50;0m[38;2;179;50;0m▄[48;2;0;0;0m[38;2;0;0;0m▄▄[48;2;255;208;28m[38;2;255;211;33m▄[48;2;255;230;64m[38;2;255;221;55m▄[48;2;179;51;0m[38;2;178;49;0m▄[48;2;0;0;0m[38;2;0;0;0m▄[48;2;255;226;60m[38;2;255;218;52m▄[48;2;255;226;59m[38;2;255;220;53m▄[48;2;0;0;0m[38;2;0;0;0m▄[48;2;255;205;21m▄[48;2;255;231;65m[38;2;255;221;52m▄[48;2;181;52;0m[38;2;255;225;58m▄[48;2;255;229;62m[38;2;255;224;57m▄[48;2;255;226;57m[38;2;0;0;0m▄[48;2;0;0;0m▄▄▄▄▄▄[0m
[48;2;0;0;0m[38;2;0;0;0m▄▄▄▄▄▄▄▄▄▄[48;2;255;192;24m▄[48;2;255;188;11m▄[48;2;0;0;0m▄[48;2;255;201;30m▄[48;2;241;177;25m▄[48;2;0;0;0m▄[48;2;255;219;48m▄[48;2;255;223;50m▄[48;2;177;50;0m▄[48;2;255;240;73m▄[48;2;255;236;67m▄[48;2;255;233;64m[38;2;255;255;0m▄[48;2;255;226;57m[38;2;255;212;30m▄[48;2;178;50;0m[38;2;0;0;0m▄[48;2;255;222;57m[38;2;255;209;36m▄[48;2;255;210;41m[38;2;255;204;33m▄[48;2;255;207;38m[38;2;255;201;33m▄[48;2;253;188;23m[38;2;255;191;21m▄[48;2;255;208;33m[38;2;255;191;18m▄[48;2;255;206;43m[38;2;255;195;28m▄[48;2;187;57;0m[38;2;255;194;29m▄[48;2;179;51;0m[38;2;255;194;28m▄[48;2;179;50;0m[38;2;255;188;21m▄[48;2;255;200;28m[38;2;0;0;0m▄[48;2;255;207;43m[38;2;255;196;27m▄[48;2;181;51;0m[38;2;255;194;28m▄[48;2;187;51;0m[38;2;255;194;27m▄[48;2;255;209;42m[38;2;255;198;33m▄[48;2;255;209;41m[38;2;253;190;20m▄[48;2;0;0;0m[38;2;0;0;0m▄[48;2;255;0;0m[38;2;255;197;27m▄[48;2;255;210;43m[38;2;255;201;34m▄[48;2;255;215;50m[38;2;255;127;0m▄[48;2;255;211;43m[38;2;255;203;38m▄[48;2;177;48;0m[38;2;230;144;14m▄[48;2;0;0;0m[38;2;0;0;0m▄▄▄▄▄▄[0m
[48;2;0;0;0m[38;2;0;0;0m▄▄▄▄▄▄▄▄▄▄▄▄▄▄▄▄▄▄▄▄▄▄▄▄▄▄▄▄▄▄▄▄▄▄▄[48;2;255;188;18m▄[48;2;255;190;19m▄[48;2;255;185;0m▄[48;2;0;0;0m▄[48;2;254;189;7m▄[48;2;255;191;23m▄[48;2;255;190;16m▄[48;2;0;0;0m▄[48;2;255;192;20m▄[48;2;255;191;23m▄[48;2;182;52;0m▄[48;2;0;0;0m▄▄▄▄▄[0m
[48;2;0;0;0m[38;2;0;0;0m▄▄▄▄▄▄▄▄▄▄▄▄▄▄▄▄▄▄▄▄▄▄▄▄▄▄▄▄▄▄▄▄▄▄▄▄▄▄▄▄▄▄▄▄▄▄▄▄▄▄▄[0m
[48;2;0;0;0m[38;2;0;0;0m▄▄▄▄▄▄▄▄▄▄▄▄▄▄▄▄▄▄▄▄▄▄▄▄▄▄▄▄▄▄▄▄▄▄▄▄▄▄▄▄▄▄▄▄▄▄▄▄▄▄▄[0m
[48;2;0;0;0m[38;2;0;0;0m▄▄▄▄▄▄▄▄▄▄▄▄▄▄▄▄▄▄▄▄▄▄▄▄▄▄▄▄▄▄▄▄▄▄▄▄▄▄▄▄▄▄▄▄▄▄▄▄▄▄▄[0m
[48;2;0;0;0m[38;2;0;0;0m▄▄▄▄▄▄▄▄▄▄▄▄▄▄▄▄▄▄▄▄▄▄▄▄▄▄▄▄▄▄▄▄▄▄▄▄▄▄▄▄▄▄▄▄▄▄▄▄▄▄▄[0m
[48;2;0;0;0m[38;2;0;0;0m▄▄▄▄▄▄▄▄▄▄▄▄▄▄▄▄▄▄▄▄▄▄▄▄▄▄▄▄▄▄▄▄▄▄▄▄▄▄▄▄▄▄▄▄▄▄▄▄▄▄▄[0m
