[48;2;0;0;0m[38;2;0;0;0m▄▄▄▄▄▄▄▄▄▄▄▄▄▄▄▄▄▄▄▄▄▄▄▄▄▄▄▄▄▄▄▄▄▄▄▄▄▄▄▄▄▄▄▄▄▄▄▄▄▄▄[0m
[48;2;0;0;0m[38;2;0;0;0m▄▄▄▄▄▄▄▄▄▄▄▄▄▄▄▄▄▄▄▄▄▄▄▄▄▄▄▄▄▄▄▄▄▄▄▄▄▄▄▄▄▄▄▄▄▄▄▄▄▄▄[0m
[48;2;0;0;0m[38;2;0;0;0m▄▄▄▄▄▄▄▄▄▄▄▄▄▄▄▄▄▄▄▄▄▄▄▄▄▄▄▄▄▄▄▄▄▄▄▄▄▄▄▄▄▄▄▄▄▄▄▄▄▄▄[0m
[48;2;0;0;0m[38;2;0;0;0m▄▄▄▄▄▄▄▄▄▄▄▄▄▄▄▄▄▄▄▄▄▄▄▄▄▄▄▄▄▄▄▄▄▄▄▄▄▄▄▄▄▄▄▄▄▄▄▄▄▄▄[0m
[48;2;0;0;0m[38;2;0;0;0m▄▄▄▄▄▄▄▄▄▄▄▄▄▄▄▄▄▄▄▄▄▄▄▄▄▄▄▄▄▄▄▄▄▄▄▄▄▄▄▄▄▄▄▄▄▄▄▄▄▄▄[0m
[48;2;0;0;0m[38;2;0;0;0m▄▄▄▄▄▄▄▄▄▄▄▄▄▄▄▄▄▄▄▄▄▄▄▄▄▄▄▄▄▄▄▄▄▄▄▄▄▄▄▄▄▄▄▄▄▄▄▄▄▄▄[0m
[48;2;0;0;0m[38;2;0;0;0m▄▄▄▄▄▄[38;2;255;211;36m▄[48;2;255;223;51m[38;2;255;230;63m▄[48;2;255;230;61m[38;2;100;18;0m▄[48;2;255;230;60m[38;2;255;223;51m▄[48;2;98;17;0m[38;2;255;227;53m▄[48;2;0;0;0m[38;2;0;0;0m▄[48;2;255;230;61m[38;2;255;232;65m▄[48;2;201;150;27m[38;2;251;201;41m▄[48;2;0;0;0m[38;2;0;0;0m▄[48;2;255;220;37m[38;2;255;211;34m▄[48;2;255;239;67m[38;2;255;239;70m▄[48;2;76;8;0m[38;2;76;8;0m▄[48;2;255;250;80m[38;2;255;249;80m▄[48;2;255;251;82m[38;2;255;251;82m▄[48;2;255;250;82m[38;2;255;198;22m▄[48;2;255;250;81m[38;2;255;211;28m▄[48;2;255;195;15m[38;2;254;203;12m▄[48;2;255;204;0m[38;2;255;204;0m▄[48;2;255;249;77m[38;2;255;252;84m▄[48;2;0;0;0m[38;2;0;0;0m▄▄▄▄[48;2;255;244;70m[38;2;255;252;83m▄[48;2;0;0;0m[38;2;0;0;0m▄▄▄[48;2;87;15;0m[38;2;72;16;0m▄[48;2;255;228;48m[38;2;255;237;71m▄[48;2;223;159;0m[38;2;0;0;0m▄[48;2;0;0;0m▄[48;2;255;210;32m[38;2;255;232;62m▄[48;2;254;202;29m[38;2;255;230;62m▄[48;2;91;10;0m[38;2;0;0;0m▄[48;2;255;196;27m[38;2;255;217;40m▄[48;2;252;171;10m[38;2;255;230;63m▄[48;2;0;0;0m[38;2;97;16;0m▄[48;2;230;144;9m[38;2;255;231;64m▄[48;2;231;142;8m[38;2;255;205;22m▄[48;2;0;0;0m[38;2;0;0;0m▄▄▄▄▄▄[0m
[48;2;0;0;0m[38;2;0;0;0m▄▄▄▄▄▄[38;2;98;0;0m▄[48;2;255;221;52m[38;2;94;15;0m▄[48;2;255;221;55m[38;2;95;15;0m▄[48;2;255;217;48m[38;2;255;209;36m▄[48;2;121;42;3m[38;2;255;210;45m▄[48;2;80;11;0m[38;2;90;15;0m▄[48;2;255;223;57m[38;2;255;210;45m▄[48;2;255;225;59m[38;2;255;214;45m▄[48;2;255;226;58m[38;2;0;0;0m▄[48;2;255;229;62m[38;2;255;213;43m▄[48;2;255;232;66m[38;2;255;221;56m▄[48;2;80;12;0m[38;2;85;13;0m▄[48;2;255;241;71m[38;2;255;229;57m▄[48;2;255;247;78m[38;2;255;235;66m▄[48;2;255;246;73m[38;2;0;0;0m▄[48;2;255;245;68m▄[48;2;97;21;0m▄[48;2;255;204;0m[38;2;255;178;0m▄[48;2;255;252;84m[38;2;255;252;84m▄[48;2;0;0;0m[38;2;0;0;0m▄▄▄▄[48;2;255;250;82m[38;2;255;240;73m▄[48;2;0;0;0m[38;2;0;0;0m▄▄▄[48;2;67;20;0m[38;2;89;37;1m▄[48;2;255;230;65m[38;2;255;219;54m▄[48;2;0;0;0m[38;2;0;0;0m▄▄[48;2;255;223;56m[38;2;255;212;46m▄[48;2;255;222;55m[38;2;255;213;44m▄[48;2;0;0;0m[38;2;0;0;0m▄[38;2;92;14;0m▄[48;2;255;224;56m[38;2;255;213;45m▄[48;2;255;225;58m[38;2;255;216;51m▄[48;2;255;221;50m[38;2;254;205;35m▄[48;2;0;0;0m[38;2;0;0;0m▄▄▄▄▄▄▄[0m
[48;2;0;0;0m[38;2;0;0;0m▄▄▄▄▄▄▄[48;2;255;197;31m▄[48;2;254;190;23m[38;2;255;188;18m▄[48;2;255;193;26m[38;2;255;190;18m▄[48;2;255;197;31m[38;2;0;0;0m▄[48;2;0;0;0m▄[48;2;255;197;31m[38;2;255;188;16m▄[48;2;255;198;32m[38;2;255;183;14m▄[48;2;0;0;0m[38;2;0;0;0m▄[48;2;255;200;28m[38;2;255;199;12m▄[48;2;255;206;42m[38;2;255;202;24m▄[48;2;85;13;0m[38;2;0;0;0m▄[48;2;255;212;43m[38;2;255;194;24m▄[48;2;255;220;54m[38;2;255;207;39m▄[48;2;255;221;52m[38;2;255;214;44m▄[48;2;255;227;57m[38;2;255;221;49m▄[48;2;255;222;47m[38;2;255;217;39m▄[48;2;255;178;0m[38;2;255;178;0m▄[48;2;255;245;78m[38;2;255;219;46m▄[48;2;255;238;68m[38;2;255;223;52m▄[48;2;255;234;65m[38;2;255;220;48m▄[48;2;254;223;51m[38;2;255;214;38m▄[48;2;154;40;0m[38;2;174;60;0m▄[48;2;255;226;61m[38;2;255;214;39m▄[48;2;255;212;42m[38;2;255;206;36m▄[48;2;255;208;40m[38;2;255;201;33m▄[48;2;255;202;31m[38;2;254;196;26m▄[48;2;0;0;0m[38;2;0;0;0m▄[48;2;255;204;39m[38;2;255;194;17m▄[48;2;255;198;30m[38;2;255;192;24m▄[48;2;117;34;1m[38;2;255;193;24m▄[48;2;255;201;37m[38;2;255;191;19m▄[48;2;255;200;26m[38;2;0;0;0m▄[48;2;84;12;0m[38;2;232;163;8m▄[48;2;255;198;29m[38;2;255;193;22m▄[48;2;255;200;32m[38;2;255;255;0m▄[48;2;239;180;22m[38;2;0;0;0m▄[48;2;255;201;37m[38;2;255;191;21m▄[48;2;255;127;0m[38;2;255;189;16m▄[48;2;0;0;0m[38;2;0;0;0m▄▄▄▄▄▄[0m
[48;2;0;0;0m[38;2;0;0;0m▄▄▄▄▄▄▄▄▄▄▄▄▄▄▄▄▄▄▄▄▄▄▄▄▄▄▄▄▄▄▄▄▄▄▄▄▄▄▄▄▄▄▄▄▄▄▄▄▄▄▄[0m
[48;2;0;0;0m[38;2;0;0;0m▄▄▄▄▄▄▄▄▄▄▄▄▄▄▄▄▄▄▄▄▄▄▄▄▄▄▄▄▄▄▄▄▄▄▄▄▄▄▄▄▄▄▄▄▄▄▄▄▄▄▄[0m
[48;2;0;0;0m[38;2;0;0;0m▄▄▄▄▄▄▄▄▄▄▄▄▄▄▄▄▄▄▄▄▄▄▄▄▄▄▄▄▄▄▄▄▄▄▄▄▄▄▄▄▄▄▄▄▄▄▄▄▄▄▄[0m
[48;2;0;0;0m[38;2;0;0;0m▄▄▄▄▄▄▄▄▄▄▄▄▄▄▄▄▄▄▄▄▄▄▄▄▄▄▄▄▄▄▄▄▄▄▄▄▄▄▄▄▄▄▄▄▄▄▄▄▄▄▄[0m
[48;2;0;0;0m[38;2;0;0;0m▄▄▄▄▄▄▄▄▄▄▄▄▄▄▄▄▄▄▄▄▄▄▄▄▄▄▄▄▄▄▄▄▄▄▄▄▄▄▄▄▄▄▄▄▄▄▄▄▄▄▄[0m
[48;2;0;0;0m[38;2;0;0;0m▄▄▄▄▄▄▄▄▄▄▄▄▄▄▄▄▄▄▄▄▄▄▄▄▄▄▄▄▄▄▄▄▄▄▄▄▄▄▄▄▄▄▄▄▄▄▄▄▄▄▄[0m
