[48;2;0;0;0m[38;2;0;0;0m▄▄▄▄▄▄▄▄▄▄▄▄▄▄▄▄▄▄▄▄▄▄▄▄▄▄▄▄▄▄▄▄▄▄▄▄▄▄▄▄▄▄▄▄▄▄▄▄▄▄▄[0m
[48;2;0;0;0m[38;2;0;0;0m▄▄▄▄▄▄▄▄▄▄▄▄▄▄▄▄▄▄▄▄▄▄▄▄▄▄▄▄▄▄▄▄▄▄▄▄▄▄▄▄▄▄▄▄▄▄▄▄▄▄▄[0m
[48;2;0;0;0m[38;2;0;0;0m▄▄▄▄▄▄▄▄▄▄▄▄▄▄▄▄▄▄▄▄▄▄▄▄▄▄▄▄▄▄▄▄▄▄▄▄▄▄▄▄▄▄▄▄▄▄▄▄▄▄▄[0m
[48;2;0;0;0m[38;2;0;0;0m▄▄▄▄▄▄▄▄▄▄▄▄▄▄▄▄▄▄▄▄▄▄▄▄▄▄▄▄▄▄▄▄▄▄▄▄▄▄▄▄▄▄▄▄▄▄▄▄▄▄▄[0m
[48;2;0;0;0m[38;2;0;0;0m▄▄▄▄▄▄▄▄▄▄▄▄▄▄▄▄▄▄▄▄▄▄▄▄▄▄▄▄▄▄▄▄▄▄▄▄▄▄▄▄▄▄▄▄▄▄▄▄▄▄▄[0m
[48;2;0;0;0m[38;2;0;0;0m▄▄▄▄▄▄▄▄▄▄▄▄▄▄▄▄▄▄▄▄▄▄▄▄▄▄▄▄[38;2;88;11;0m▄[38;2;0;0;0m▄▄▄[38;2;96;16;0m▄[38;2;108;23;0m▄[38;2;0;0;0m▄[38;2;102;18;0m▄[38;2;156;83;6m▄[38;2;102;18;0m▄[38;2;254;213;37m▄[38;2;236;188;27m▄[38;2;108;20;0m▄[38;2;255;232;63m▄[38;2;0;0;0m▄▄▄▄▄▄▄▄▄[0m
[48;2;0;0;0m[38;2;0;0;0m▄▄▄▄▄▄[38;2;97;16;0m▄[38;2;102;19;0m▄[38;2;235;183;31m▄[38;2;125;36;0m▄[38;2;0;0;0m▄[38;2;99;18;0m▄[38;2;255;230;61m▄[38;2;255;217;43m▄[38;2;0;0;0m▄[48;2;92;15;0m[38;2;185;85;2m▄[48;2;97;18;0m[38;2;255;232;65m▄[48;2;0;0;0m[38;2;0;0;0m▄[48;2;100;18;0m[38;2;255;230;57m▄[48;2;99;18;0m[38;2;255;234;68m▄[48;2;102;19;0m[38;2;255;232;65m▄[48;2;113;30;0m[38;2;255;230;61m▄[48;2;118;40;2m[38;2;255;228;59m▄[48;2;101;18;0m[38;2;103;18;0m▄[48;2;255;230;51m[38;2;255;239;71m▄[48;2;0;0;0m[38;2;0;0;0m▄▄[48;2;87;14;0m[38;2;88;14;0m▄[48;2;255;231;46m[38;2;255;240;58m▄[48;2;255;249;78m[38;2;255;249;79m▄[48;2;0;0;0m[38;2;0;0;0m▄▄[48;2;108;21;0m[38;2;106;20;0m▄[48;2;255;251;83m[38;2;255;251;83m▄[48;2;0;0;0m[38;2;0;0;0m▄[48;2;109;21;0m[38;2;106;19;0m▄[48;2;255;250;82m[38;2;255;250;80m▄[48;2;0;0;0m[38;2;0;0;0m▄[48;2;144;54;0m[38;2;102;18;0m▄[48;2;255;239;70m[38;2;255;229;61m▄[48;2;254;215;38m[38;2;255;228;62m▄[48;2;255;227;56m[38;2;0;0;0m▄[48;2;0;0;0m▄▄▄▄▄▄▄▄▄[0m
[48;2;0;0;0m[38;2;0;0;0m▄▄▄▄▄[48;2;88;11;0m▄[48;2;255;225;54m[38;2;255;227;59m▄[48;2;255;230;62m[38;2;255;224;56m▄[48;2;255;213;37m[38;2;156;84;13m▄[48;2;255;232;64m[38;2;108;22;0m▄[48;2;254;210;33m[38;2;0;0;0m▄[48;2;94;16;0m[38;2;91;15;0m▄[48;2;255;231;65m[38;2;255;225;58m▄[48;2;255;228;57m[38;2;255;223;57m▄[48;2;96;16;0m[38;2;255;221;53m▄[48;2;126;40;3m[38;2;255;221;55m▄[48;2;255;230;65m[38;2;255;222;56m▄[48;2;0;0;0m[38;2;0;0;0m▄[48;2;255;223;53m[38;2;255;216;47m▄[48;2;255;228;62m[38;2;255;220;55m▄[48;2;102;18;0m[38;2;255;217;46m▄[38;2;255;218;48m▄[48;2;105;17;0m[38;2;255;200;22m▄[48;2;104;19;0m[38;2;105;20;0m▄[48;2;255;232;67m[38;2;255;222;56m▄[48;2;0;0;0m[38;2;0;0;0m▄[38;2;98;9;0m▄[48;2;88;14;0m[38;2;91;15;0m▄[48;2;255;245;71m[38;2;255;236;64m▄[48;2;255;249;78m[38;2;255;241;71m▄[48;2;0;0;0m[38;2;101;18;0m▄[38;2;99;18;0m▄[48;2;104;19;0m[38;2;105;20;0m▄[48;2;255;251;83m[38;2;255;247;78m▄[48;2;0;0;0m[38;2;247;195;25m▄[48;2;108;20;0m[38;2;241;189;31m▄[48;2;255;242;74m[38;2;255;228;60m▄[48;2;94;13;0m[38;2;106;20;0m▄[48;2;111;22;0m[38;2;255;203;35m▄[48;2;255;218;51m[38;2;255;204;33m▄[48;2;255;214;47m[38;2;127;42;3m▄[48;2;255;204;29m[38;2;255;196;27m▄[48;2;0;0;0m[38;2;0;0;0m▄▄▄▄▄▄▄▄▄[0m
[48;2;0;0;0m[38;2;0;0;0m▄▄▄▄▄[38;2;91;18;0m▄[48;2;255;193;10m[38;2;225;162;21m▄[48;2;255;217;46m[38;2;237;168;17m▄[48;2;255;217;48m[38;2;94;15;0m▄[48;2;255;217;51m[38;2;254;201;32m▄[48;2;255;209;38m[38;2;255;203;37m▄[48;2;99;18;0m[38;2;97;17;0m▄[48;2;255;214;48m[38;2;255;200;36m▄[48;2;255;212;43m[38;2;255;198;31m▄[48;2;255;209;35m[38;2;0;0;0m▄[48;2;110;29;2m[38;2;108;25;0m▄[48;2;255;210;46m[38;2;255;197;34m▄[48;2;0;0;0m[38;2;0;0;0m▄[48;2;255;206;39m[38;2;255;192;25m▄[48;2;255;207;42m[38;2;255;194;31m▄[48;2;104;19;0m[38;2;255;194;28m▄[48;2;102;19;0m[38;2;255;193;28m▄[48;2;100;19;0m[38;2;255;194;23m▄[48;2;108;22;0m[38;2;113;25;0m▄[48;2;255;207;43m[38;2;255;196;27m▄[48;2;255;204;36m[38;2;255;198;28m▄[48;2;255;207;41m[38;2;255;202;29m▄[48;2;255;206;37m[38;2;255;200;27m▄[48;2;255;222;52m[38;2;255;187;13m▄[48;2;255;228;62m[38;2;0;0;0m▄[48;2;255;232;65m▄[48;2;255;235;67m▄[48;2;0;0;0m▄[48;2;249;186;16m▄[48;2;255;227;58m▄[48;2;255;220;49m▄[48;2;0;0;0m▄▄▄▄▄▄▄▄▄▄▄▄▄▄▄[0m
[48;2;0;0;0m[38;2;0;0;0m▄▄▄▄▄▄[48;2;255;194;23m▄[48;2;255;194;29m▄[48;2;255;190;24m▄[48;2;255;192;26m▄[48;2;255;193;17m▄[48;2;0;0;0m▄[48;2;254;190;21m▄[48;2;255;192;20m▄[48;2;0;0;0m▄[48;2;116;27;0m▄[48;2;255;192;20m▄[48;2;0;0;0m▄▄▄▄▄▄▄▄▄▄▄▄▄▄▄▄▄▄▄▄▄▄▄▄▄▄▄▄▄▄▄▄▄▄[0m
[48;2;0;0;0m[38;2;0;0;0m▄▄▄▄▄▄▄▄▄▄▄▄▄▄▄▄▄▄▄▄▄▄▄▄▄▄▄▄▄▄▄▄▄▄▄▄▄▄▄▄▄▄▄▄▄▄▄▄▄▄▄[0m
[48;2;0;0;0m[38;2;0;0;0m▄▄▄▄▄▄▄▄▄▄▄▄▄▄▄▄▄▄▄▄▄▄▄▄▄▄▄▄▄▄▄▄▄▄▄▄▄▄▄▄▄▄▄▄▄▄▄▄▄▄▄[0m
[48;2;0;0;0m[38;2;0;0;0m▄▄▄▄▄▄▄▄▄▄▄▄▄▄▄▄▄▄▄▄▄▄▄▄▄▄▄▄▄▄▄▄▄▄▄▄▄▄▄▄▄▄▄▄▄▄▄▄▄▄▄[0m
[48;2;0;0;0m[38;2;0;0;0m▄▄▄▄▄▄▄▄▄▄▄▄▄▄▄▄▄▄▄▄▄▄▄▄▄▄▄▄▄▄▄▄▄▄▄▄▄▄▄▄▄▄▄▄▄▄▄▄▄▄▄[0m
[48;2;0;0;0m[38;2;0;0;0m▄▄▄▄▄▄▄▄▄▄▄▄▄▄▄▄▄▄▄▄▄▄▄▄▄▄▄▄▄▄▄▄▄▄▄▄▄▄▄▄▄▄▄▄▄▄▄▄▄▄▄[0m
