[48;2;0;0;0m[38;2;0;0;0m▄▄▄▄▄▄▄▄▄▄▄▄▄▄▄▄▄▄▄▄▄▄▄▄▄▄▄▄▄▄▄▄▄▄▄▄▄▄▄▄▄▄▄▄▄▄▄▄▄▄▄[0m
[48;2;0;0;0m[38;2;0;0;0m▄▄▄▄▄▄▄▄▄▄▄▄▄▄▄▄▄▄▄▄▄▄▄▄▄▄▄▄▄▄▄▄▄▄▄▄▄▄▄▄▄▄▄▄▄▄▄▄▄▄▄[0m
[48;2;0;0;0m[38;2;0;0;0m▄▄▄▄▄▄▄▄▄▄▄▄▄▄▄▄▄▄▄▄▄▄▄▄▄▄▄▄▄▄▄▄▄▄▄▄▄▄▄▄▄▄▄▄▄▄▄▄▄▄▄[0m
[48;2;0;0;0m[38;2;0;0;0m▄▄▄▄▄▄▄▄▄▄▄▄▄▄▄▄▄▄▄▄▄▄▄▄▄▄▄▄▄▄▄▄▄▄▄▄▄▄▄▄▄▄▄▄▄▄▄▄▄▄▄[0m
[48;2;0;0;0m[38;2;0;0;0m▄▄▄▄▄▄▄▄▄▄▄▄▄▄▄▄▄▄▄▄▄▄▄▄▄▄▄▄▄▄▄▄▄▄▄▄▄▄▄▄▄▄▄▄▄▄▄▄▄▄▄[0m
[48;2;0;0;0m[38;2;0;0;0m▄▄▄▄▄▄▄▄▄▄▄▄▄▄▄▄▄▄▄▄▄▄▄▄▄▄▄▄▄▄▄▄▄▄▄▄▄▄▄▄▄▄▄▄▄▄▄▄▄▄▄[0m
[48;2;0;0;0m[38;2;0;0;0m▄▄▄▄▄▄[38;2;255;213;34m▄[48;2;255;222;50m[38;2;255;230;63m▄[48;2;255;230;61m[38;2;188;56;0m▄[48;2;255;230;60m[38;2;255;222;50m▄[48;2;185;54;0m[38;2;255;226;53m▄[48;2;0;0;0m[38;2;0;0;0m▄[48;2;255;229;60m[38;2;255;232;65m▄[48;2;230;157;25m[38;2;253;207;43m▄[48;2;0;0;0m[38;2;0;0;0m▄[48;2;255;219;36m[38;2;255;211;33m▄[48;2;255;239;67m[38;2;255;239;70m▄[48;2;182;48;0m[38;2;182;48;0m▄[48;2;255;250;80m[38;2;255;249;79m▄[48;2;255;251;82m[38;2;255;251;82m▄[48;2;255;250;82m[38;2;255;203;25m▄[48;2;255;250;80m[38;2;255;212;28m▄[48;2;255;202;17m[38;2;254;202;12m▄[48;2;255;204;0m[38;2;255;204;0m▄[48;2;255;248;76m[38;2;255;252;84m▄[48;2;0;0;0m[38;2;0;0;0m▄▄▄▄[48;2;255;242;68m[38;2;255;252;83m▄[48;2;0;0;0m[38;2;0;0;0m▄▄▄[48;2;188;56;0m[38;2;192;63;0m▄[48;2;255;228;48m[38;2;255;237;71m▄[48;2;255;159;0m[38;2;0;0;0m▄[48;2;0;0;0m▄[48;2;255;211;33m[38;2;255;231;62m▄[48;2;255;206;30m[38;2;255;230;62m▄[48;2;183;51;0m[38;2;0;0;0m▄[48;2;254;206;33m[38;2;255;216;40m▄[48;2;254;185;14m[38;2;255;230;63m▄[48;2;255;0;0m[38;2;185;54;0m▄[48;2;235;147;11m[38;2;255;231;64m▄[48;2;251;170;14m[38;2;255;205;22m▄[48;2;0;0;0m[38;2;0;0;0m▄▄▄▄▄▄[0m
[48;2;0;0;0m[38;2;0;0;0m▄▄▄▄▄▄[38;2;196;58;0m▄[48;2;255;221;51m[38;2;185;53;0m▄[48;2;255;221;55m▄[48;2;255;217;48m[38;2;255;210;36m▄[48;2;197;75;3m[38;2;255;210;44m▄[48;2;179;49;0m[38;2;185;53;0m▄[48;2;255;223;57m[38;2;255;210;45m▄[48;2;255;225;59m[38;2;255;214;45m▄[48;2;255;226;58m[38;2;0;0;0m▄[48;2;255;229;62m[38;2;255;214;44m▄[48;2;255;232;66m[38;2;255;221;56m▄[48;2;182;52;0m[38;2;181;52;0m▄[48;2;255;240;71m[38;2;255;228;57m▄[48;2;255;247;78m[38;2;255;235;65m▄[48;2;255;246;73m[38;2;0;0;0m▄[48;2;255;244;68m▄[48;2;189;60;0m▄[48;2;255;204;0m[38;2;255;204;0m▄[48;2;255;252;84m[38;2;255;252;84m▄[48;2;0;0;0m[38;2;0;0;0m▄▄▄▄[48;2;255;250;82m[38;2;255;240;73m▄[48;2;0;0;0m[38;2;0;0;0m▄▄▄[48;2;193;66;0m[38;2;206;82;4m▄[48;2;255;230;65m[38;2;255;219;54m▄[48;2;0;0;0m[38;2;0;0;0m▄▄[48;2;255;222;55m[38;2;255;212;45m▄[48;2;255;221;54m[38;2;255;213;44m▄[48;2;0;0;0m[38;2;0;0;0m▄[38;2;183;53;0m▄[48;2;255;224;56m[38;2;255;213;45m▄[48;2;255;225;58m[38;2;255;216;51m▄[48;2;255;221;50m[38;2;255;204;33m▄[48;2;0;0;0m[38;2;0;0;0m▄▄▄▄▄▄▄[0m
[48;2;0;0;0m[38;2;0;0;0m▄▄▄▄▄▄▄[48;2;255;197;31m▄[48;2;254;190;22m[38;2;255;190;18m▄[48;2;255;193;26m▄[48;2;255;197;31m[38;2;0;0;0m▄[48;2;0;0;0m▄[48;2;255;197;31m[38;2;255;192;16m▄[48;2;254;197;31m[38;2;255;185;14m▄[48;2;0;0;0m[38;2;0;0;0m▄[48;2;255;201;28m[38;2;255;199;12m▄[48;2;255;206;42m[38;2;255;202;24m▄[48;2;183;55;0m[38;2;0;0;0m▄[48;2;255;213;42m[38;2;255;197;23m▄[48;2;255;220;53m[38;2;255;208;39m▄[48;2;255;219;50m[38;2;255;214;44m▄[48;2;255;225;55m[38;2;255;221;49m▄[48;2;255;218;45m[38;2;255;217;39m▄[48;2;255;204;0m[38;2;255;204;0m▄[48;2;255;245;78m[38;2;255;220;44m▄[48;2;255;238;67m[38;2;255;223;50m▄[48;2;255;233;63m[38;2;255;221;47m▄[48;2;255;220;49m[38;2;255;211;35m▄[48;2;214;80;0m[38;2;228;107;6m▄[48;2;255;226;61m[38;2;255;214;39m▄[48;2;255;211;41m[38;2;255;206;36m▄[48;2;255;208;40m[38;2;255;202;33m▄[48;2;255;200;30m[38;2;255;193;24m▄[48;2;0;0;0m[38;2;0;0;0m▄[48;2;255;204;39m[38;2;255;194;17m▄[48;2;255;198;29m[38;2;255;193;24m▄[48;2;196;70;2m▄[48;2;255;201;37m[38;2;255;192;19m▄[48;2;255;201;26m[38;2;0;0;0m▄[48;2;181;51;0m[38;2;244;167;8m▄[48;2;255;198;28m[38;2;255;193;22m▄[48;2;255;200;32m[38;2;255;255;0m▄[48;2;249;184;22m[38;2;0;0;0m▄[48;2;255;201;37m[38;2;255;191;21m▄[48;2;255;255;0m[38;2;255;190;16m▄[48;2;0;0;0m[38;2;0;0;0m▄▄▄▄▄▄[0m
[48;2;0;0;0m[38;2;0;0;0m▄▄▄▄▄▄▄▄▄▄▄▄▄▄▄▄▄▄▄▄▄▄▄▄▄▄▄▄▄▄▄▄▄▄▄▄▄▄▄▄▄▄▄▄▄▄▄▄▄▄▄[0m
[48;2;0;0;0m[38;2;0;0;0m▄▄▄▄▄▄▄▄▄▄▄▄▄▄▄▄▄▄▄▄▄▄▄▄▄▄▄▄▄▄▄▄▄▄▄▄▄▄▄▄▄▄▄▄▄▄▄▄▄▄▄[0m
[48;2;0;0;0m[38;2;0;0;0m▄▄▄▄▄▄▄▄▄▄▄▄▄▄▄▄▄▄▄▄▄▄▄▄▄▄▄▄▄▄▄▄▄▄▄▄▄▄▄▄▄▄▄▄▄▄▄▄▄▄▄[0m
[48;2;0;0;0m[38;2;0;0;0m▄▄▄▄▄▄▄▄▄▄▄▄▄▄▄▄▄▄▄▄▄▄▄▄▄▄▄▄▄▄▄▄▄▄▄▄▄▄▄▄▄▄▄▄▄▄▄▄▄▄▄[0m
[48;2;0;0;0m[38;2;0;0;0m▄▄▄▄▄▄▄▄▄▄▄▄▄▄▄▄▄▄▄▄▄▄▄▄▄▄▄▄▄▄▄▄▄▄▄▄▄▄▄▄▄▄▄▄▄▄▄▄▄▄▄[0m
[48;2;0;0;0m[38;2;0;0;0m▄▄▄▄▄▄▄▄▄▄▄▄▄▄▄▄▄▄▄▄▄▄▄▄▄▄▄▄▄▄▄▄▄▄▄▄▄▄▄▄▄▄▄▄▄▄▄▄▄▄▄[0m
