[48;2;0;0;0m[38;2;0;0;0m▄▄▄▄▄▄▄▄▄▄▄▄▄▄▄▄▄▄▄▄▄▄▄▄▄▄▄▄▄▄▄▄▄▄▄▄▄▄▄▄▄▄▄▄▄▄▄▄▄▄▄[0m
[48;2;0;0;0m[38;2;0;0;0m▄▄▄▄▄▄▄▄▄▄▄▄▄▄▄▄▄▄▄▄▄▄▄▄▄▄▄▄▄▄▄▄▄▄▄▄▄▄▄▄▄▄▄▄▄▄▄▄▄▄▄[0m
[48;2;0;0;0m[38;2;0;0;0m▄▄▄▄▄▄▄▄▄▄▄▄▄▄▄▄▄▄▄▄▄▄▄▄▄▄▄▄▄▄▄▄▄▄▄▄▄▄▄▄▄▄▄▄▄▄▄▄▄▄▄[0m
[48;2;0;0;0m[38;2;0;0;0m▄▄▄▄▄▄▄▄▄▄▄▄▄▄▄▄▄▄▄▄▄▄▄▄▄▄▄▄▄▄▄▄▄▄▄▄▄▄▄▄▄▄▄▄▄▄▄▄▄▄▄[0m
[48;2;0;0;0m[38;2;0;0;0m▄▄▄▄▄▄▄▄▄▄▄▄▄▄▄▄▄▄▄▄▄▄▄▄▄▄▄▄▄▄▄▄▄▄▄▄▄▄▄▄▄▄▄▄▄▄▄▄▄▄▄[0m
[48;2;0;0;0m[38;2;0;0;0m▄▄▄▄▄▄▄▄▄[38;2;254;222;52m▄[38;2;255;234;63m▄[38;2;122;38;1m▄[38;2;95;15;0m▄[38;2;155;72;2m▄[38;2;104;21;0m▄[38;2;82;11;0m▄[38;2;104;23;0m▄[38;2;95;16;0m▄[38;2;83;12;0m▄[38;2;92;16;0m▄[38;2;91;14;0m▄[38;2;91;13;0m▄[38;2;88;11;0m▄[38;2;0;0;0m▄▄▄▄▄▄▄▄▄▄▄▄▄▄▄▄▄▄▄▄▄▄▄▄▄▄▄▄[0m
[48;2;0;0;0m[38;2;0;0;0m▄▄▄▄▄▄▄▄[48;2;255;218;41m▄[48;2;255;229;61m[38;2;255;224;55m▄[48;2;111;23;0m[38;2;255;225;56m▄[48;2;255;235;63m[38;2;236;182;28m▄[48;2;107;20;0m[38;2;101;17;0m▄[48;2;255;250;81m[38;2;255;244;76m▄[48;2;229;203;54m[38;2;254;243;74m▄[48;2;90;13;0m[38;2;232;150;8m▄[48;2;255;250;81m[38;2;255;250;81m▄[48;2;255;248;75m▄[48;2;98;16;0m[38;2;98;16;0m▄[48;2;255;251;81m[38;2;255;252;83m▄[38;2;112;23;0m▄[48;2;255;250;80m[38;2;101;19;0m▄[48;2;255;248;74m[38;2;170;107;8m▄[48;2;98;15;0m[38;2;0;0;0m▄[48;2;255;250;80m[38;2;255;251;83m▄[48;2;101;18;0m[38;2;103;19;0m▄[48;2;0;0;0m[38;2;0;0;0m▄▄[48;2;243;150;11m[38;2;255;206;27m▄[48;2;117;38;3m[38;2;255;234;69m▄[48;2;92;15;0m[38;2;98;18;0m▄[48;2;0;0;0m[38;2;0;0;0m▄▄[38;2;255;202;29m▄[48;2;97;18;0m[38;2;255;233;67m▄[48;2;84;14;0m[38;2;94;16;0m▄[48;2;0;0;0m[38;2;0;0;0m▄[48;2;85;14;0m[38;2;255;228;58m▄[48;2;78;0;0m[38;2;255;229;58m▄[48;2;0;0;0m[38;2;0;0;0m▄[38;2;255;228;56m▄[38;2;255;211;31m▄[38;2;0;0;0m▄[38;2;103;21;0m▄[38;2;163;65;0m▄[38;2;95;14;0m▄[38;2;0;0;0m▄▄▄▄▄[0m
[48;2;0;0;0m[38;2;0;0;0m▄▄▄▄▄▄▄▄[48;2;229;143;9m▄[48;2;132;39;0m[38;2;255;197;29m▄[48;2;106;21;0m[38;2;253;189;25m▄[48;2;255;220;53m[38;2;255;204;38m▄[48;2;154;73;6m[38;2;110;23;0m▄[48;2;255;233;64m[38;2;255;216;46m▄[48;2;255;239;71m[38;2;255;221;51m▄[48;2;255;249;78m[38;2;93;14;0m▄[48;2;255;250;80m[38;2;255;238;69m▄[48;2;255;251;83m[38;2;255;245;75m▄[48;2;100;16;0m[38;2;105;20;0m▄[48;2;255;251;83m[38;2;255;250;81m▄[48;2;255;250;80m[38;2;109;22;0m▄[48;2;255;248;77m[38;2;92;15;0m▄[48;2;255;205;15m[38;2;91;14;0m▄[48;2;82;12;0m[38;2;90;15;0m▄[48;2;255;243;76m[38;2;255;233;67m▄[48;2;103;19;0m[38;2;104;20;0m▄[48;2;0;0;0m[38;2;0;0;0m▄▄[48;2;255;200;28m[38;2;255;203;33m▄[48;2;255;229;64m[38;2;255;220;54m▄[48;2;99;19;0m[38;2;101;19;0m▄[48;2;0;0;0m[38;2;0;0;0m▄▄[48;2;255;208;38m[38;2;255;215;45m▄[48;2;255;229;64m[38;2;255;221;56m▄[48;2;92;15;0m[38;2;95;16;0m▄[48;2;0;0;0m[38;2;0;0;0m▄[48;2;255;228;60m[38;2;255;221;54m▄[38;2;255;220;51m▄[48;2;0;0;0m[38;2;0;0;0m▄[48;2;255;207;28m▄[48;2;255;231;64m[38;2;255;224;56m▄[48;2;101;18;0m▄[48;2;255;230;61m[38;2;255;226;59m▄[48;2;255;229;61m[38;2;0;0;0m▄[48;2;0;0;0m▄▄▄▄▄▄[0m
[48;2;0;0;0m[38;2;0;0;0m▄▄▄▄▄▄▄▄▄▄▄▄▄[48;2;255;202;28m▄[48;2;255;207;34m▄[48;2;0;0;0m▄[48;2;255;222;49m▄[48;2;255;228;56m▄[48;2;101;20;0m▄[48;2;255;238;70m▄[48;2;255;234;66m▄[48;2;255;229;61m▄[48;2;255;223;52m[38;2;255;214;26m▄[48;2;104;20;0m[38;2;0;0;0m▄[48;2;255;218;53m[38;2;255;205;32m▄[48;2;255;206;40m[38;2;255;200;30m▄[48;2;255;204;36m[38;2;255;198;30m▄[48;2;230;143;11m[38;2;255;198;23m▄[48;2;255;198;31m[38;2;255;190;21m▄[48;2;255;206;42m[38;2;255;194;29m▄[48;2;106;21;0m[38;2;255;193;29m▄[48;2;100;18;0m[38;2;255;194;29m▄[48;2;97;16;0m[38;2;255;195;24m▄[48;2;255;202;31m[38;2;0;0;0m▄[48;2;255;208;44m[38;2;255;196;30m▄[48;2;102;19;0m[38;2;255;194;28m▄[48;2;85;0;0m[38;2;255;194;27m▄[48;2;255;211;45m[38;2;255;199;35m▄[48;2;255;208;41m[38;2;217;150;16m▄[48;2;0;0;0m[38;2;0;0;0m▄[38;2;255;198;28m▄[48;2;255;212;45m[38;2;255;203;37m▄[48;2;255;217;52m[38;2;255;197;24m▄[48;2;255;212;40m[38;2;255;205;40m▄[48;2;86;15;0m[38;2;103;19;0m▄[48;2;0;0;0m[38;2;0;0;0m▄▄▄▄▄▄[0m
[48;2;0;0;0m[38;2;0;0;0m▄▄▄▄▄▄▄▄▄▄▄▄▄▄▄▄▄▄▄▄▄▄▄▄▄▄▄▄▄▄▄▄▄▄▄[48;2;255;189;19m▄[48;2;255;190;21m▄[48;2;255;187;16m▄[48;2;0;0;0m▄[48;2;237;160;6m▄[48;2;255;191;24m▄[48;2;250;183;14m▄[48;2;0;0;0m▄[48;2;255;193;24m▄[48;2;255;192;24m▄[48;2;95;15;0m▄[48;2;0;0;0m▄▄▄▄▄[0m
[48;2;0;0;0m[38;2;0;0;0m▄▄▄▄▄▄▄▄▄▄▄▄▄▄▄▄▄▄▄▄▄▄▄▄▄▄▄▄▄▄▄▄▄▄▄▄▄▄▄▄▄▄▄▄▄▄▄▄▄▄▄[0m
[48;2;0;0;0m[38;2;0;0;0m▄▄▄▄▄▄▄▄▄▄▄▄▄▄▄▄▄▄▄▄▄▄▄▄▄▄▄▄▄▄▄▄▄▄▄▄▄▄▄▄▄▄▄▄▄▄▄▄▄▄▄[0m
[48;2;0;0;0m[38;2;0;0;0m▄▄▄▄▄▄▄▄▄▄▄▄▄▄▄▄▄▄▄▄▄▄▄▄▄▄▄▄▄▄▄▄▄▄▄▄▄▄▄▄▄▄▄▄▄▄▄▄▄▄▄[0m
[48;2;0;0;0m[38;2;0;0;0m▄▄▄▄▄▄▄▄▄▄▄▄▄▄▄▄▄▄▄▄▄▄▄▄▄▄▄▄▄▄▄▄▄▄▄▄▄▄▄▄▄▄▄▄▄▄▄▄▄▄▄[0m
[48;2;0;0;0m[38;2;0;0;0m▄▄▄▄▄▄▄▄▄▄▄▄▄▄▄▄▄▄▄▄▄▄▄▄▄▄▄▄▄▄▄▄▄▄▄▄▄▄▄▄▄▄▄▄▄▄▄▄▄▄▄[0m
