[48;2;0;0;0m[38;2;0;0;0m▄▄▄▄▄▄▄▄▄▄▄▄▄▄▄▄▄▄▄▄▄▄▄▄▄▄▄▄▄▄▄▄▄▄▄▄▄▄▄▄▄▄▄▄▄▄▄▄▄▄▄[0m
[48;2;0;0;0m[38;2;0;0;0m▄▄▄▄▄▄▄▄▄▄▄▄▄▄▄▄▄▄▄▄▄▄▄▄▄▄▄▄▄▄▄▄▄▄▄▄▄▄▄▄▄▄▄▄▄▄▄▄▄▄▄[0m
[48;2;0;0;0m[38;2;0;0;0m▄▄▄▄▄▄▄▄▄▄▄▄▄▄▄▄▄▄▄▄▄▄▄▄▄▄▄▄▄▄▄▄▄▄▄▄▄▄▄▄▄▄▄▄▄▄▄▄▄▄▄[0m
[48;2;0;0;0m[38;2;0;0;0m▄▄▄▄▄▄▄▄▄▄▄▄▄▄▄▄▄▄▄▄▄▄▄▄▄▄▄▄▄▄▄▄▄▄▄▄▄▄▄▄▄▄▄▄▄▄▄▄▄▄▄[0m
[48;2;0;0;0m[38;2;0;0;0m▄▄▄▄▄▄▄▄▄▄▄▄▄▄▄▄▄▄▄▄▄▄▄▄▄▄▄▄▄▄▄▄▄▄▄▄▄▄▄▄▄▄▄▄▄▄▄▄▄▄▄[0m
[48;2;0;0;0m[38;2;0;0;0m▄▄▄▄▄▄▄▄▄▄[38;2;255;236;64m▄[38;2;255;246;76m▄[48;2;109;21;0m[38;2;255;248;78m▄[48;2;85;21;0m[38;2;117;24;0m▄[48;2;0;0;0m[38;2;255;249;79m▄[38;2;124;28;0m▄[38;2;101;17;0m▄[38;2;169;97;13m▄[38;2;113;22;0m▄[38;2;101;18;0m▄[38;2;107;20;0m▄[38;2;105;19;0m▄[38;2;105;18;0m▄[38;2;97;15;0m▄[38;2;0;0;0m▄▄▄▄▄▄▄▄▄▄▄▄▄▄▄▄▄▄▄▄▄▄▄▄▄▄▄[0m
[48;2;0;0;0m[38;2;0;0;0m▄▄▄▄▄▄▄▄▄▄[48;2;255;235;65m▄[48;2;194;114;14m[38;2;255;233;64m▄[48;2;215;111;0m[38;2;255;240;71m▄[48;2;113;22;0m[38;2;122;26;0m▄[48;2;255;251;82m[38;2;255;250;79m▄[48;2;219;109;0m[38;2;255;250;81m▄[48;2;107;21;0m[38;2;255;250;80m▄[48;2;255;250;81m[38;2;255;251;82m▄[48;2;124;28;0m[38;2;120;25;0m▄[48;2;255;251;82m[38;2;255;250;80m▄[38;2;228;194;52m▄[48;2;255;250;81m[38;2;112;22;0m▄[48;2;255;244;73m[38;2;110;20;0m▄[48;2;116;24;0m[38;2;105;19;0m▄[48;2;255;235;65m[38;2;255;236;70m▄[48;2;118;24;0m[38;2;121;27;0m▄[48;2;86;11;0m[38;2;86;11;0m▄[48;2;0;0;0m[38;2;0;0;0m▄[48;2;164;57;0m[38;2;255;231;63m▄[48;2;110;22;0m[38;2;255;232;63m▄[48;2;101;18;0m[38;2;107;20;0m▄[48;2;0;0;0m[38;2;0;0;0m▄▄[38;2;255;227;54m▄[48;2;98;19;0m[38;2;255;228;55m▄[48;2;0;0;0m[38;2;102;18;0m▄[38;2;0;0;0m▄[38;2;192;94;2m▄[38;2;109;21;0m▄[38;2;108;19;0m▄[38;2;107;21;0m▄[38;2;102;18;0m▄[38;2;0;0;0m▄▄▄▄▄▄▄▄▄[0m
[48;2;0;0;0m[38;2;0;0;0m▄▄▄▄▄▄▄▄▄▄[48;2;255;206;35m▄[48;2;124;27;0m[38;2;255;201;32m▄[48;2;255;219;49m[38;2;255;209;40m▄[48;2;254;215;50m[38;2;120;26;0m▄[48;2;255;246;75m[38;2;255;231;62m▄[48;2;246;194;18m[38;2;246;216;51m▄[48;2;161;95;13m[38;2;104;19;0m▄[48;2;255;251;83m[38;2;255;244;77m▄[48;2;120;25;0m[38;2;120;26;0m▄[48;2;255;247;76m[38;2;255;234;65m▄[48;2;255;245;76m[38;2;252;209;47m▄[48;2;255;237;67m[38;2;111;21;0m▄[48;2;255;231;60m[38;2;105;20;0m▄[48;2;113;24;0m[38;2;108;20;0m▄[48;2;255;229;63m[38;2;255;217;51m▄[48;2;122;27;0m[38;2;122;27;0m▄[48;2;86;11;0m[38;2;92;17;0m▄[48;2;0;0;0m[38;2;0;0;0m▄[48;2;255;225;57m[38;2;255;216;47m▄[48;2;255;227;59m[38;2;255;217;49m▄[48;2;107;20;0m[38;2;107;20;0m▄[48;2;0;0;0m[38;2;0;0;0m▄▄[48;2;255;228;60m[38;2;255;222;55m▄[38;2;255;219;51m▄[48;2;101;18;0m[38;2;99;17;0m▄[48;2;0;0;0m[38;2;255;204;29m▄[48;2;255;234;68m[38;2;255;227;62m▄[48;2;115;24;0m[38;2;111;22;0m▄[48;2;255;205;22m[38;2;0;0;0m▄[48;2;255;233;66m[38;2;255;226;56m▄[48;2;117;24;0m[38;2;255;224;55m▄[48;2;92;11;0m[38;2;255;224;54m▄[48;2;255;230;61m[38;2;255;230;63m▄[48;2;255;222;46m[38;2;98;19;0m▄[48;2;0;0;0m[38;2;0;0;0m▄▄▄▄▄▄[0m
[48;2;0;0;0m[38;2;0;0;0m▄▄▄▄▄▄▄▄▄▄▄▄▄▄▄▄▄[48;2;255;221;45m▄[48;2;122;26;0m▄[48;2;255;217;46m▄[48;2;255;215;47m▄[48;2;255;209;43m▄[48;2;255;204;36m▄[48;2;124;29;0m▄[48;2;255;202;38m[38;2;255;195;23m▄[48;2;255;197;31m[38;2;255;194;24m▄[48;2;255;196;28m[38;2;255;193;26m▄[48;2;124;34;1m[38;2;242;176;18m▄[48;2;255;204;37m[38;2;255;192;23m▄[48;2;255;204;39m[38;2;255;194;30m▄[48;2;113;22;0m[38;2;255;194;29m▄[48;2;104;19;0m[38;2;255;194;28m▄[48;2;102;17;0m[38;2;119;26;0m▄[48;2;255;212;45m[38;2;255;199;30m▄[48;2;255;207;40m[38;2;255;199;32m▄[48;2;101;18;0m[38;2;116;24;0m▄[48;2;255;209;37m[38;2;255;200;32m▄[48;2;255;218;52m[38;2;255;206;41m▄[48;2;109;21;0m[38;2;108;21;0m▄[48;2;0;0;0m[38;2;0;0;0m▄[48;2;255;196;19m[38;2;255;205;36m▄[48;2;255;223;57m[38;2;255;212;47m▄[48;2;255;223;58m[38;2;255;214;48m▄[48;2;159;82;6m[38;2;119;25;0m▄[48;2;0;0;0m[38;2;95;15;0m▄[38;2;0;0;0m▄▄▄▄▄▄[0m
[48;2;0;0;0m[38;2;0;0;0m▄▄▄▄▄▄▄▄▄▄▄▄▄▄▄▄▄▄▄▄▄▄▄▄▄▄▄▄▄▄▄[48;2;255;193;17m▄[48;2;120;30;0m▄[48;2;0;0;0m▄[48;2;255;191;21m▄[48;2;255;191;25m▄[48;2;255;192;27m▄[48;2;255;191;20m▄[48;2;0;0;0m▄[48;2;255;190;19m[38;2;255;190;16m▄[48;2;255;198;34m[38;2;254;189;16m▄[48;2;122;34;1m[38;2;0;0;0m▄[48;2;255;200;30m[38;2;255;255;0m▄[48;2;255;200;32m[38;2;255;192;25m▄[48;2;110;21;0m[38;2;202;125;9m▄[48;2;0;0;0m[38;2;98;17;0m▄[38;2;0;0;0m▄▄▄▄▄[0m
[48;2;0;0;0m[38;2;0;0;0m▄▄▄▄▄▄▄▄▄▄▄▄▄▄▄▄▄▄▄▄▄▄▄▄▄▄▄▄▄▄▄▄▄▄▄▄▄▄▄▄▄▄▄▄▄▄▄▄▄▄▄[0m
[48;2;0;0;0m[38;2;0;0;0m▄▄▄▄▄▄▄▄▄▄▄▄▄▄▄▄▄▄▄▄▄▄▄▄▄▄▄▄▄▄▄▄▄▄▄▄▄▄▄▄▄▄▄▄▄▄▄▄▄▄▄[0m
[48;2;0;0;0m[38;2;0;0;0m▄▄▄▄▄▄▄▄▄▄▄▄▄▄▄▄▄▄▄▄▄▄▄▄▄▄▄▄▄▄▄▄▄▄▄▄▄▄▄▄▄▄▄▄▄▄▄▄▄▄▄[0m
[48;2;0;0;0m[38;2;0;0;0m▄▄▄▄▄▄▄▄▄▄▄▄▄▄▄▄▄▄▄▄▄▄▄▄▄▄▄▄▄▄▄▄▄▄▄▄▄▄▄▄▄▄▄▄▄▄▄▄▄▄▄[0m
[48;2;0;0;0m[38;2;0;0;0m▄▄▄▄▄▄▄▄▄▄▄▄▄▄▄▄▄▄▄▄▄▄▄▄▄▄▄▄▄▄▄▄▄▄▄▄▄▄▄▄▄▄▄▄▄▄▄▄▄▄▄[0m
