[48;2;0;0;0m[38;2;0;0;0m▄▄▄▄▄▄▄▄▄▄▄▄▄▄▄▄▄▄▄▄▄▄▄▄▄▄▄▄▄▄▄▄▄▄▄▄▄▄▄▄▄▄▄▄▄▄▄▄▄▄▄[0m
[48;2;0;0;0m[38;2;0;0;0m▄▄▄▄▄▄▄▄▄▄▄▄▄▄▄▄▄▄▄▄▄▄▄▄▄▄▄▄▄▄▄▄▄▄▄▄▄▄▄▄▄▄▄▄▄▄▄▄▄▄▄[0m
[48;2;0;0;0m[38;2;0;0;0m▄▄▄▄▄▄▄▄▄▄▄▄▄▄▄▄▄▄▄▄▄▄▄▄▄▄▄▄▄▄▄▄▄▄▄▄▄▄▄▄▄▄▄▄▄▄▄▄▄▄▄[0m
[48;2;0;0;0m[38;2;0;0;0m▄▄▄▄▄▄▄▄▄▄▄▄▄▄▄▄▄▄▄▄▄▄▄▄▄▄▄▄▄▄▄▄▄▄▄▄▄▄▄▄▄▄▄▄▄▄▄▄▄▄▄[0m
[48;2;0;0;0m[38;2;0;0;0m▄▄▄▄▄▄▄▄▄▄▄▄▄▄▄▄▄▄▄▄▄▄▄▄▄▄▄▄▄▄▄▄▄▄▄▄▄▄▄▄▄▄▄▄▄▄▄▄▄▄▄[0m
[48;2;0;0;0m[38;2;0;0;0m▄▄▄▄▄▄▄▄▄▄▄[38;2;255;248;77m▄[48;2;173;51;0m[38;2;238;189;45m▄[48;2;163;44;0m[38;2;255;248;78m▄[48;2;153;37;0m[38;2;172;49;0m▄[48;2;0;0;0m[38;2;255;248;78m▄[38;2;168;46;0m▄[38;2;235;192;44m▄[38;2;220;136;23m▄[38;2;162;43;0m▄[38;2;164;44;0m▄[38;2;160;42;0m▄[38;2;159;41;0m▄[38;2;160;41;0m▄[38;2;159;31;0m▄[38;2;0;0;0m▄▄▄▄▄▄▄▄▄▄▄▄▄▄▄▄▄▄▄▄▄▄▄▄▄▄[0m
[48;2;0;0;0m[38;2;0;0;0m▄▄▄▄▄▄▄▄▄▄▄[48;2;255;243;71m▄[48;2;255;247;77m[38;2;229;155;19m▄[48;2;177;51;0m[38;2;255;249;79m▄[48;2;162;43;0m[38;2;172;47;0m▄[48;2;255;250;81m[38;2;255;251;83m▄[48;2;173;49;0m[38;2;255;250;81m▄[48;2;232;196;56m▄[48;2;255;252;85m[38;2;255;251;84m▄[48;2;206;121;12m[38;2;206;112;8m▄[48;2;255;248;80m[38;2;255;242;74m▄[48;2;255;242;74m[38;2;168;46;0m▄[48;2;255;238;67m[38;2;161;43;0m▄[48;2;170;46;0m[38;2;160;41;0m▄[48;2;255;230;62m[38;2;255;232;66m▄[48;2;169;47;0m[38;2;172;50;0m▄[48;2;150;37;0m[38;2;150;37;0m▄[48;2;0;0;0m[38;2;0;0;0m▄[48;2;172;49;0m[38;2;255;231;64m▄[48;2;164;44;0m[38;2;255;229;61m▄[48;2;153;39;0m[38;2;156;40;0m▄[48;2;0;0;0m[38;2;0;0;0m▄▄[38;2;255;228;58m▄[38;2;167;46;0m▄[38;2;150;37;0m▄[38;2;172;48;0m▄[38;2;163;44;0m▄[38;2;157;40;0m▄[38;2;162;42;0m▄[38;2;157;41;0m▄[38;2;0;0;0m▄▄▄▄▄▄▄▄▄▄[0m
[48;2;0;0;0m[38;2;0;0;0m▄▄▄▄▄▄▄▄▄▄▄[48;2;255;214;42m▄[48;2;199;99;11m[38;2;255;212;39m▄[48;2;255;236;67m[38;2;253;206;37m▄[48;2;173;48;0m[38;2;0;0;0m▄[48;2;255;250;81m[38;2;255;235;64m▄[48;2;169;46;0m[38;2;170;46;0m▄[48;2;230;150;11m[38;2;230;162;24m▄[48;2;255;245;75m[38;2;255;230;60m▄[48;2;205;90;2m[38;2;182;59;0m▄[48;2;255;234;67m[38;2;255;217;50m▄[48;2;255;229;60m[38;2;168;45;0m▄[48;2;255;222;51m[38;2;160;42;0m▄[48;2;167;44;0m[38;2;157;41;0m▄[48;2;255;225;58m[38;2;255;213;47m▄[48;2;173;50;0m[38;2;173;50;0m▄[48;2;150;37;0m[38;2;152;38;0m▄[48;2;0;0;0m[38;2;0;0;0m▄[48;2;255;226;58m[38;2;255;217;49m▄[48;2;255;224;55m[38;2;255;214;48m▄[48;2;155;40;0m[38;2;155;39;0m▄[48;2;0;0;0m[38;2;0;0;0m▄▄[48;2;255;233;67m[38;2;255;225;60m▄[48;2;172;49;0m[38;2;169;46;0m▄[48;2;150;39;0m[38;2;150;39;0m▄[48;2;255;229;60m[38;2;255;225;58m▄[48;2;255;231;62m[38;2;255;228;59m▄[48;2;160;42;0m[38;2;157;40;0m▄[48;2;255;230;59m[38;2;255;213;32m▄[48;2;250;197;27m[38;2;255;229;62m▄[48;2;156;40;0m[38;2;170;47;0m▄[48;2;250;189;15m[38;2;255;231;64m▄[48;2;189;86;5m[38;2;255;227;56m▄[48;2;159;42;0m[38;2;156;41;0m▄[48;2;0;0;0m[38;2;0;0;0m▄▄▄▄▄▄[0m
[48;2;0;0;0m[38;2;0;0;0m▄▄▄▄▄▄▄▄▄▄▄▄▄▄▄▄▄▄[48;2;255;211;30m▄[48;2;255;207;31m▄[48;2;255;205;37m▄[48;2;255;200;33m▄[48;2;255;198;30m▄[48;2;172;47;0m▄[48;2;255;198;35m[38;2;255;191;19m▄[48;2;255;195;29m[38;2;255;192;23m▄[48;2;244;175;23m[38;2;255;193;26m▄[48;2;166;45;0m[38;2;244;163;15m▄[48;2;255;205;39m[38;2;255;194;27m▄[48;2;255;201;38m[38;2;255;195;31m▄[48;2;160;41;0m[38;2;255;194;29m▄[48;2;155;39;0m[38;2;255;194;25m▄[48;2;170;0;0m[38;2;168;47;0m▄[48;2;255;215;50m[38;2;255;203;38m▄[48;2;167;44;0m[38;2;174;49;0m▄[48;2;150;39;0m[38;2;161;43;0m▄[48;2;255;217;49m[38;2;255;207;41m▄[48;2;255;220;51m[38;2;255;206;38m▄[48;2;157;40;0m[38;2;156;40;0m▄[48;2;0;0;0m[38;2;0;0;0m▄[48;2;255;224;56m[38;2;255;214;46m▄[48;2;255;224;58m[38;2;255;218;54m▄[48;2;255;226;58m[38;2;253;203;31m▄[48;2;159;42;0m[38;2;156;40;0m▄[48;2;0;0;0m[38;2;0;0;0m▄▄▄▄▄▄▄[0m
[48;2;0;0;0m[38;2;0;0;0m▄▄▄▄▄▄▄▄▄▄▄▄▄▄▄▄▄▄▄▄▄▄▄▄▄▄▄▄▄▄[48;2;255;192;20m▄[48;2;255;190;19m▄[48;2;168;43;0m▄[48;2;255;194;19m▄[48;2;255;192;27m▄[48;2;255;193;28m▄[48;2;255;196;31m▄[48;2;183;74;4m▄[48;2;0;0;0m[38;2;255;191;9m▄[48;2;255;198;28m[38;2;255;192;24m▄[48;2;255;203;37m[38;2;216;123;8m▄[48;2;254;203;33m[38;2;0;0;0m▄[48;2;255;205;39m[38;2;255;195;30m▄[48;2;167;45;0m[38;2;255;193;22m▄[48;2;150;38;0m[38;2;157;40;0m▄[48;2;0;0;0m[38;2;0;0;0m▄▄▄▄▄▄[0m
[48;2;0;0;0m[38;2;0;0;0m▄▄▄▄▄▄▄▄▄▄▄▄▄▄▄▄▄▄▄▄▄▄▄▄▄▄▄▄▄▄▄▄▄▄▄▄▄▄▄▄▄▄▄[48;2;255;192;17m▄[48;2;169;46;0m▄[48;2;0;0;0m▄▄▄▄▄▄[0m
[48;2;0;0;0m[38;2;0;0;0m▄▄▄▄▄▄▄▄▄▄▄▄▄▄▄▄▄▄▄▄▄▄▄▄▄▄▄▄▄▄▄▄▄▄▄▄▄▄▄▄▄▄▄▄▄▄▄▄▄▄▄[0m
[48;2;0;0;0m[38;2;0;0;0m▄▄▄▄▄▄▄▄▄▄▄▄▄▄▄▄▄▄▄▄▄▄▄▄▄▄▄▄▄▄▄▄▄▄▄▄▄▄▄▄▄▄▄▄▄▄▄▄▄▄▄[0m
[48;2;0;0;0m[38;2;0;0;0m▄▄▄▄▄▄▄▄▄▄▄▄▄▄▄▄▄▄▄▄▄▄▄▄▄▄▄▄▄▄▄▄▄▄▄▄▄▄▄▄▄▄▄▄▄▄▄▄▄▄▄[0m
[48;2;0;0;0m[38;2;0;0;0m▄▄▄▄▄▄▄▄▄▄▄▄▄▄▄▄▄▄▄▄▄▄▄▄▄▄▄▄▄▄▄▄▄▄▄▄▄▄▄▄▄▄▄▄▄▄▄▄▄▄▄[0m
