[48;2;0;0;0m[38;2;0;0;0m▄▄▄▄▄▄▄▄▄▄▄▄▄▄▄▄▄▄▄▄▄▄▄▄▄▄▄▄▄▄▄▄▄▄▄▄▄▄▄▄▄▄▄▄▄▄▄▄▄▄▄[0m
[48;2;0;0;0m[38;2;0;0;0m▄▄▄▄▄▄▄▄▄▄▄▄▄▄▄▄▄▄▄▄▄▄▄▄▄▄▄▄▄▄▄▄▄▄▄▄▄▄▄▄▄▄▄▄▄▄▄▄▄▄▄[0m
[48;2;0;0;0m[38;2;0;0;0m▄▄▄▄▄▄▄▄▄▄▄▄▄▄▄▄▄▄▄▄▄▄▄▄▄▄▄▄▄▄▄▄▄▄▄▄▄▄▄▄▄▄▄▄▄▄▄▄▄▄▄[0m
[48;2;0;0;0m[38;2;0;0;0m▄▄▄▄▄▄▄▄▄▄▄▄▄▄▄▄▄▄▄▄▄▄▄▄▄▄▄▄▄▄▄▄▄▄▄▄▄▄▄▄▄▄▄▄▄▄▄▄▄▄▄[0m
[48;2;0;0;0m[38;2;0;0;0m▄▄▄▄▄▄▄▄▄▄▄▄▄▄▄▄▄▄▄▄▄▄▄▄▄▄▄▄▄▄▄▄▄▄▄▄▄▄▄▄▄▄▄▄▄▄▄▄▄▄▄[0m
[48;2;0;0;0m[38;2;0;0;0m▄▄▄▄▄▄▄▄▄▄▄▄[48;2;255;202;10m[38;2;255;249;78m▄[48;2;157;42;0m[38;2;232;186;44m▄[48;2;145;35;0m[38;2;242;199;38m▄[48;2;135;31;0m[38;2;255;243;68m▄[48;2;0;0;0m[38;2;253;171;13m▄[48;2;85;0;0m[38;2;146;36;0m▄[48;2;0;0;0m[38;2;255;241;64m▄[38;2;149;36;0m▄[38;2;143;35;0m▄[38;2;144;36;0m▄[38;2;143;35;0m▄[38;2;142;33;0m▄[38;2;140;31;0m▄[38;2;0;0;0m▄▄▄▄▄▄▄▄▄▄▄▄▄▄▄▄▄▄▄▄▄▄▄▄▄▄[0m
[48;2;0;0;0m[38;2;0;0;0m▄▄▄▄▄▄▄▄▄▄▄▄[48;2;255;248;77m[38;2;164;47;0m▄[38;2;238;172;21m▄[48;2;156;40;0m[38;2;255;248;79m▄[48;2;255;227;44m[38;2;254;183;13m▄[48;2;255;212;30m[38;2;255;251;82m▄[48;2;153;41;0m[38;2;255;250;81m▄[48;2;255;249;79m[38;2;255;248;78m▄[48;2;158;41;0m[38;2;158;41;0m▄[48;2;255;242;75m[38;2;255;237;70m▄[48;2;255;237;67m[38;2;156;40;0m▄[48;2;255;235;69m[38;2;146;37;0m▄[48;2;157;41;0m[38;2;145;35;0m▄[48;2;255;230;60m[38;2;255;231;64m▄[48;2;155;40;0m[38;2;159;43;0m▄[48;2;134;30;0m[38;2;135;31;0m▄[48;2;0;0;0m[38;2;0;0;0m▄[48;2;159;31;0m[38;2;255;231;64m▄[48;2;147;36;0m[38;2;251;165;18m▄[48;2;134;30;0m[38;2;137;32;0m▄[48;2;0;0;0m[38;2;0;0;0m▄[38;2;255;205;19m▄[38;2;241;193;37m▄[38;2;144;34;0m▄[38;2;131;24;0m▄[38;2;153;41;0m▄[38;2;142;33;0m▄[38;2;135;33;0m▄[38;2;0;0;0m▄▄▄▄▄▄▄▄▄▄▄▄[0m
[48;2;0;0;0m[38;2;0;0;0m▄▄▄▄▄▄▄▄▄▄▄▄[48;2;255;222;52m▄[48;2;218;152;30m[38;2;255;201;31m▄[48;2;255;242;73m[38;2;0;0;0m▄[48;2;212;104;4m[38;2;255;214;28m▄[48;2;255;244;72m[38;2;255;228;57m▄[48;2;146;35;0m[38;2;146;36;0m▄[48;2;255;237;69m[38;2;255;221;56m▄[48;2;158;42;0m[38;2;158;42;0m▄[48;2;255;227;61m[38;2;255;212;46m▄[48;2;255;224;55m[38;2;156;40;0m▄[48;2;255;221;50m[38;2;144;35;0m▄[48;2;154;39;0m[38;2;142;34;0m▄[48;2;255;224;56m[38;2;255;211;45m▄[48;2;158;43;0m[38;2;158;43;0m▄[48;2;135;31;0m[38;2;136;31;0m▄[48;2;0;0;0m[38;2;0;0;0m▄[48;2;255;226;60m[38;2;255;218;51m▄[48;2;232;134;12m[38;2;194;92;9m▄[48;2;137;32;0m[38;2;136;31;0m▄[48;2;0;0;0m[38;2;0;0;0m▄[48;2;255;220;39m[38;2;255;216;42m▄[48;2;255;232;67m[38;2;255;226;58m▄[48;2;148;36;0m[38;2;148;36;0m▄[48;2;127;31;0m[38;2;127;31;0m▄[48;2;255;233;66m[38;2;255;230;64m▄[48;2;163;47;0m[38;2;154;39;0m▄[48;2;254;207;27m[38;2;136;32;0m▄[48;2;255;226;54m[38;2;255;231;64m▄[48;2;150;37;0m[38;2;235;165;17m▄[48;2;132;30;0m[38;2;247;190;19m▄[48;2;152;38;0m[38;2;255;233;67m▄[48;2;143;35;0m[38;2;233;170;17m▄[48;2;136;31;0m[38;2;137;29;0m▄[48;2;0;0;0m[38;2;0;0;0m▄▄▄▄▄▄[0m
[48;2;0;0;0m[38;2;0;0;0m▄▄▄▄▄▄▄▄▄▄▄▄▄▄▄▄▄▄▄▄[48;2;255;199;30m▄[48;2;255;196;29m▄[48;2;255;195;28m▄[48;2;155;40;0m▄[48;2;255;198;33m[38;2;255;195;16m▄[48;2;255;195;29m[38;2;255;192;23m▄[48;2;179;77;5m[38;2;255;192;25m▄[48;2;149;37;0m[38;2;158;41;0m▄[48;2;255;205;40m[38;2;255;195;28m▄[48;2;181;77;7m[38;2;255;195;30m▄[48;2;140;33;0m[38;2;255;194;28m▄[48;2;136;34;0m[38;2;254;191;23m▄[48;2;255;211;41m[38;2;191;100;12m▄[48;2;255;216;48m[38;2;255;204;38m▄[48;2;148;36;0m[38;2;154;39;0m▄[48;2;0;0;0m[38;2;139;33;0m▄[48;2;255;222;56m[38;2;255;212;47m▄[48;2;152;38;0m[38;2;151;38;0m▄[48;2;135;30;0m[38;2;133;30;0m▄[48;2;255;215;34m[38;2;255;201;23m▄[48;2;255;225;57m[38;2;255;220;55m▄[48;2;255;226;59m[38;2;255;220;53m▄[48;2;255;222;51m[38;2;151;38;0m▄[48;2;140;33;0m[38;2;131;29;0m▄[48;2;0;0;0m[38;2;0;0;0m▄▄▄▄▄▄▄[0m
[48;2;0;0;0m[38;2;0;0;0m▄▄▄▄▄▄▄▄▄▄▄▄▄▄▄▄▄▄▄▄▄▄▄▄▄▄▄▄▄[48;2;255;191;21m▄[48;2;255;192;21m▄[48;2;255;191;19m▄[48;2;149;36;0m▄[48;2;255;194;24m▄[48;2;255;193;28m[38;2;255;170;0m▄[48;2;255;195;29m[38;2;255;188;18m▄[48;2;255;199;32m[38;2;0;0;0m▄[48;2;147;36;0m▄[48;2;0;0;0m[38;2;255;192;18m▄[48;2;255;204;37m[38;2;255;194;28m▄[48;2;255;206;39m[38;2;148;37;0m▄[48;2;255;209;44m[38;2;255;198;27m▄[48;2;174;70;5m[38;2;255;197;30m▄[48;2;138;32;0m[38;2;150;37;0m▄[48;2;0;0;0m[38;2;132;28;0m▄[38;2;0;0;0m▄▄▄▄▄▄[0m
[48;2;0;0;0m[38;2;0;0;0m▄▄▄▄▄▄▄▄▄▄▄▄▄▄▄▄▄▄▄▄▄▄▄▄▄▄▄▄▄▄▄▄▄▄▄▄▄▄▄▄▄▄[48;2;255;192;22m▄[48;2;193;96;4m▄[48;2;140;32;0m▄[48;2;0;0;0m▄▄▄▄▄▄[0m
[48;2;0;0;0m[38;2;0;0;0m▄▄▄▄▄▄▄▄▄▄▄▄▄▄▄▄▄▄▄▄▄▄▄▄▄▄▄▄▄▄▄▄▄▄▄▄▄▄▄▄▄▄▄▄▄▄▄▄▄▄▄[0m
[48;2;0;0;0m[38;2;0;0;0m▄▄▄▄▄▄▄▄▄▄▄▄▄▄▄▄▄▄▄▄▄▄▄▄▄▄▄▄▄▄▄▄▄▄▄▄▄▄▄▄▄▄▄▄▄▄▄▄▄▄▄[0m
[48;2;0;0;0m[38;2;0;0;0m▄▄▄▄▄▄▄▄▄▄▄▄▄▄▄▄▄▄▄▄▄▄▄▄▄▄▄▄▄▄▄▄▄▄▄▄▄▄▄▄▄▄▄▄▄▄▄▄▄▄▄[0m
[48;2;0;0;0m[38;2;0;0;0m▄▄▄▄▄▄▄▄▄▄▄▄▄▄▄▄▄▄▄▄▄▄▄▄▄▄▄▄▄▄▄▄▄▄▄▄▄▄▄▄▄▄▄▄▄▄▄▄▄▄▄[0m
