[48;2;0;0;0m[38;2;0;0;0m▄▄▄▄▄▄▄▄▄▄▄▄▄▄▄▄▄▄▄▄▄▄▄▄▄▄▄▄▄▄▄▄▄▄▄▄▄▄▄▄▄▄▄▄▄▄▄▄▄▄▄[0m
[48;2;0;0;0m[38;2;0;0;0m▄▄▄▄▄▄▄▄▄▄▄▄▄▄▄▄▄▄▄▄▄▄▄▄▄▄▄▄▄▄▄▄▄▄▄▄▄▄▄▄▄▄▄▄▄▄▄▄▄▄▄[0m
[48;2;0;0;0m[38;2;0;0;0m▄▄▄▄▄▄▄▄▄▄▄▄▄▄▄▄▄▄▄▄▄▄▄▄▄▄▄▄▄▄▄▄▄▄▄▄▄▄▄▄▄▄▄▄▄▄▄▄▄▄▄[0m
[48;2;0;0;0m[38;2;0;0;0m▄▄▄▄▄▄▄▄▄▄▄▄▄▄▄▄▄▄▄▄▄▄▄▄▄▄▄▄▄▄▄▄▄▄▄▄▄▄▄▄▄▄▄▄▄▄▄▄▄▄▄[0m
[48;2;0;0;0m[38;2;0;0;0m▄▄▄▄▄▄▄▄▄▄▄▄▄▄▄▄▄▄▄▄▄▄▄▄▄▄▄▄▄▄▄▄▄▄▄▄▄▄▄▄▄▄▄▄▄▄▄▄▄▄▄[0m
[48;2;0;0;0m[38;2;0;0;0m▄▄▄▄▄▄▄▄[38;2;255;0;0m▄[38;2;186;55;0m▄[38;2;181;51;0m▄[38;2;176;49;0m▄[38;2;0;0;0m▄[38;2;180;51;0m▄[38;2;174;51;0m▄[38;2;0;0;0m▄[38;2;182;51;0m▄[38;2;183;51;0m▄[38;2;0;0;0m▄[38;2;182;48;0m▄[38;2;0;0;0m▄▄▄▄▄▄▄▄▄▄▄▄▄▄▄▄▄▄▄▄▄▄▄▄▄▄▄▄▄▄▄[0m
[48;2;0;0;0m[38;2;0;0;0m▄▄▄▄▄▄▄[48;2;255;209;28m[38;2;255;220;46m▄[48;2;255;231;63m[38;2;255;225;58m▄[48;2;255;230;60m[38;2;190;57;0m▄[48;2;255;231;63m[38;2;197;64;0m▄[48;2;184;52;0m[38;2;183;51;0m▄[48;2;255;230;56m[38;2;255;222;51m▄[48;2;255;237;65m[38;2;255;234;66m▄[48;2;177;52;0m[38;2;185;55;0m▄[48;2;255;191;0m[38;2;187;56;0m▄[48;2;255;251;81m[38;2;255;250;82m▄[48;2;182;52;0m[38;2;183;53;0m▄[48;2;255;242;68m[38;2;255;239;62m▄[48;2;255;251;81m[38;2;255;251;82m▄[48;2;255;250;81m[38;2;203;93;4m▄[48;2;255;249;79m[38;2;255;203;16m▄[48;2;255;238;60m[38;2;252;194;12m▄[48;2;255;204;0m[38;2;255;204;0m▄[48;2;255;250;80m[38;2;255;252;84m▄[48;2;183;51;0m[38;2;185;52;0m▄[48;2;0;0;0m[38;2;0;0;0m▄▄▄[48;2;254;193;25m[38;2;255;243;76m▄[48;2;179;50;0m[38;2;183;54;0m▄[48;2;0;0;0m[38;2;0;0;0m▄▄[48;2;191;63;0m[38;2;255;182;0m▄[48;2;186;59;0m[38;2;255;234;69m▄[48;2;183;55;0m[38;2;197;65;0m▄[48;2;0;0;0m[38;2;0;0;0m▄[48;2;180;51;0m[38;2;255;229;61m▄[48;2;181;52;0m[38;2;255;231;63m▄[48;2;0;0;0m[38;2;0;0;0m▄[48;2;184;53;0m[38;2;255;227;56m▄[48;2;181;51;0m[38;2;255;230;63m▄[48;2;0;0;0m[38;2;0;0;0m▄[48;2;180;52;0m[38;2;254;218;42m▄[48;2;184;53;0m[38;2;255;232;65m▄[48;2;185;52;0m[38;2;0;0;0m▄[48;2;0;0;0m▄▄▄▄▄[0m
[48;2;0;0;0m[38;2;0;0;0m▄▄▄▄▄▄▄[38;2;255;196;23m▄[48;2;255;214;38m[38;2;254;197;28m▄[48;2;255;218;50m[38;2;183;52;0m▄[48;2;255;218;49m[38;2;255;205;38m▄[48;2;188;56;0m[38;2;255;204;36m▄[48;2;253;204;40m[38;2;255;208;38m▄[48;2;255;227;62m[38;2;255;212;47m▄[48;2;255;231;64m[38;2;181;51;0m▄[48;2;255;237;70m[38;2;0;0;0m▄[48;2;255;242;75m[38;2;255;230;64m▄[48;2;181;51;0m[38;2;182;51;0m▄[48;2;255;230;51m[38;2;255;220;47m▄[48;2;255;251;83m[38;2;255;246;77m▄[48;2;255;248;76m[38;2;181;51;0m▄[48;2;255;250;80m[38;2;255;0;0m▄[48;2;189;62;0m▄[48;2;255;204;0m[38;2;0;0;0m▄[48;2;255;252;84m[38;2;255;250;82m▄[48;2;185;52;0m[38;2;183;52;0m▄[48;2;0;0;0m[38;2;0;0;0m▄▄▄[48;2;255;237;71m[38;2;255;227;62m▄[48;2;185;58;0m[38;2;183;56;0m▄[48;2;0;0;0m[38;2;0;0;0m▄▄[48;2;255;179;10m[38;2;255;184;21m▄[48;2;255;229;64m[38;2;255;219;53m▄[48;2;189;57;0m[38;2;172;49;0m▄[48;2;0;0;0m[38;2;0;0;0m▄[48;2;255;223;57m[38;2;255;216;48m▄[48;2;255;225;58m[38;2;255;217;49m▄[48;2;0;0;0m[38;2;0;0;0m▄▄[48;2;255;228;61m[38;2;253;206;37m▄[48;2;254;206;32m[38;2;255;222;57m▄[48;2;255;228;62m[38;2;255;216;46m▄[48;2;255;204;20m[38;2;0;0;0m▄[48;2;0;0;0m▄▄▄▄▄▄[0m
[48;2;0;0;0m[38;2;0;0;0m▄▄▄▄▄▄▄▄[48;2;255;193;24m▄[48;2;255;190;22m▄[48;2;255;193;24m▄[48;2;188;55;0m▄[48;2;255;196;24m▄[48;2;255;200;32m▄[48;2;185;54;0m▄[48;2;0;0;0m▄[48;2;255;214;47m▄[48;2;185;53;0m▄[48;2;255;221;50m▄[48;2;255;234;67m[38;2;255;214;26m▄[48;2;255;234;65m[38;2;255;222;43m▄[48;2;255;236;67m▄[48;2;255;235;62m[38;2;255;206;23m▄[48;2;0;0;0m[38;2;0;0;0m▄[48;2;255;238;72m[38;2;255;222;50m▄[48;2;255;225;56m[38;2;255;215;42m▄[48;2;255;218;48m[38;2;255;214;41m▄[48;2;255;213;37m[38;2;255;206;35m▄[48;2;255;194;26m[38;2;255;194;20m▄[48;2;255;213;49m[38;2;255;201;32m▄[48;2;197;71;2m[38;2;255;198;31m▄[48;2;187;61;2m[38;2;255;195;28m▄[48;2;185;59;1m[38;2;255;191;23m▄[48;2;255;191;0m[38;2;0;0;0m▄[48;2;255;205;41m[38;2;255;194;20m▄[48;2;196;78;4m[38;2;255;193;27m▄[48;2;181;52;0m[38;2;255;192;27m▄[48;2;255;203;38m[38;2;255;194;27m▄[48;2;255;204;35m[38;2;255;182;0m▄[48;2;0;0;0m[38;2;184;52;0m▄[48;2;183;54;0m[38;2;255;194;26m▄[48;2;255;207;42m[38;2;255;194;24m▄[48;2;255;206;36m[38;2;0;0;0m▄[48;2;255;208;42m[38;2;255;196;28m▄[48;2;181;52;0m[38;2;255;193;25m▄[48;2;0;0;0m[38;2;0;0;0m▄▄▄▄▄▄[0m
[48;2;0;0;0m[38;2;0;0;0m▄▄▄▄▄▄▄▄▄▄▄▄▄▄▄▄▄▄▄▄▄▄▄▄▄▄▄▄▄▄▄▄▄▄▄▄▄▄▄▄▄▄▄[48;2;255;191;15m▄[48;2;255;190;16m▄[48;2;255;187;4m▄[48;2;0;0;0m▄▄▄▄▄[0m
[48;2;0;0;0m[38;2;0;0;0m▄▄▄▄▄▄▄▄▄▄▄▄▄▄▄▄▄▄▄▄▄▄▄▄▄▄▄▄▄▄▄▄▄▄▄▄▄▄▄▄▄▄▄▄▄▄▄▄▄▄▄[0m
[48;2;0;0;0m[38;2;0;0;0m▄▄▄▄▄▄▄▄▄▄▄▄▄▄▄▄▄▄▄▄▄▄▄▄▄▄▄▄▄▄▄▄▄▄▄▄▄▄▄▄▄▄▄▄▄▄▄▄▄▄▄[0m
[48;2;0;0;0m[38;2;0;0;0m▄▄▄▄▄▄▄▄▄▄▄▄▄▄▄▄▄▄▄▄▄▄▄▄▄▄▄▄▄▄▄▄▄▄▄▄▄▄▄▄▄▄▄▄▄▄▄▄▄▄▄[0m
[48;2;0;0;0m[38;2;0;0;0m▄▄▄▄▄▄▄▄▄▄▄▄▄▄▄▄▄▄▄▄▄▄▄▄▄▄▄▄▄▄▄▄▄▄▄▄▄▄▄▄▄▄▄▄▄▄▄▄▄▄▄[0m
[48;2;0;0;0m[38;2;0;0;0m▄▄▄▄▄▄▄▄▄▄▄▄▄▄▄▄▄▄▄▄▄▄▄▄▄▄▄▄▄▄▄▄▄▄▄▄▄▄▄▄▄▄▄▄▄▄▄▄▄▄▄[0m
