[48;2;0;0;0m[38;2;0;0;0m▄▄▄▄▄▄▄▄▄▄▄▄▄▄▄▄▄▄▄▄▄▄▄▄▄▄▄▄▄▄▄▄▄▄▄▄▄▄▄▄▄▄▄▄▄▄▄▄▄▄▄[0m
[48;2;0;0;0m[38;2;0;0;0m▄▄▄▄▄▄▄▄▄▄▄▄▄▄▄▄▄▄▄▄▄▄▄▄▄▄▄▄▄▄▄▄▄▄▄▄▄▄▄▄▄▄▄▄▄▄▄▄▄▄▄[0m
[48;2;0;0;0m[38;2;0;0;0m▄▄▄▄▄▄▄▄▄▄▄▄▄▄▄▄▄▄▄▄▄▄▄▄▄▄▄▄▄▄▄▄▄▄▄▄▄▄▄▄▄▄▄▄▄▄▄▄▄▄▄[0m
[48;2;0;0;0m[38;2;0;0;0m▄▄▄▄▄▄▄▄▄▄▄▄▄▄▄▄▄▄▄▄▄▄▄▄▄▄▄▄▄▄▄▄▄▄▄▄▄▄▄▄▄▄▄▄▄▄▄▄▄▄▄[0m
[48;2;0;0;0m[38;2;0;0;0m▄▄▄▄▄▄▄▄▄▄▄▄▄▄▄▄▄▄▄▄▄▄▄▄▄▄▄▄▄▄▄▄▄▄▄▄▄▄▄▄▄▄▄▄▄▄▄▄▄▄▄[0m
[48;2;0;0;0m[38;2;0;0;0m▄▄▄▄▄▄▄▄▄[38;2;255;202;19m▄[38;2;255;237;64m▄[38;2;255;240;70m▄[38;2;110;21;0m▄[38;2;156;76;2m▄[38;2;201;132;19m▄[38;2;102;18;0m▄[38;2;255;204;0m▄[38;2;102;18;0m▄[38;2;99;17;0m▄[38;2;101;18;0m▄[38;2;99;17;0m▄[38;2;96;17;0m▄[38;2;96;16;0m▄[38;2;63;0;0m▄[38;2;0;0;0m▄▄▄▄▄▄▄▄▄▄▄▄▄▄▄▄▄▄▄▄▄▄▄▄▄▄▄[0m
[48;2;0;0;0m[38;2;0;0;0m▄▄▄▄▄▄▄▄▄[48;2;255;229;59m[38;2;255;218;0m▄[48;2;127;34;1m[38;2;255;227;59m▄[48;2;243;199;37m[38;2;255;229;62m▄[48;2;254;230;53m[38;2;114;24;0m▄[48;2;189;111;8m[38;2;120;31;0m▄[48;2;255;250;80m[38;2;255;251;81m▄[48;2;107;20;0m[38;2;255;244;72m▄[48;2;255;200;21m[38;2;253;234;67m▄[48;2;255;249;78m[38;2;255;250;80m▄[48;2;110;22;0m[38;2;107;20;0m▄[48;2;255;251;82m[38;2;255;252;83m▄[48;2;255;251;81m[38;2;116;25;0m▄[48;2;255;250;81m[38;2;105;20;0m▄[48;2;255;248;78m[38;2;111;26;0m▄[48;2;104;18;0m[38;2;0;0;0m▄[48;2;255;242;73m[38;2;255;243;76m▄[48;2;108;20;0m[38;2;110;22;0m▄[48;2;0;0;0m[38;2;0;0;0m▄▄[48;2;197;135;10m[38;2;255;215;41m▄[48;2;107;22;0m[38;2;255;233;66m▄[48;2;97;17;0m[38;2;102;19;0m▄[48;2;0;0;0m[38;2;0;0;0m▄▄[38;2;255;223;52m▄[48;2;97;17;0m[38;2;255;230;60m▄[48;2;82;8;0m[38;2;101;18;0m▄[48;2;0;0;0m[38;2;0;0;0m▄[38;2;255;229;58m▄[38;2;255;216;39m▄[38;2;240;180;9m▄[38;2;224;147;12m▄[38;2;103;19;0m▄[38;2;0;0;0m▄[38;2;100;15;0m▄[38;2;102;19;0m▄[38;2;95;17;0m▄[38;2;0;0;0m▄▄▄▄▄[0m
[48;2;0;0;0m[38;2;0;0;0m▄▄▄▄▄▄▄▄▄[48;2;255;203;28m[38;2;255;199;23m▄[48;2;116;24;0m[38;2;255;196;28m▄[48;2;145;71;11m[38;2;255;201;34m▄[48;2;255;223;56m[38;2;255;207;37m▄[48;2;114;24;0m[38;2;104;18;0m▄[48;2;255;244;77m[38;2;255;229;62m▄[48;2;254;226;50m[38;2;108;20;0m▄[48;2;255;243;71m[38;2;0;0;0m▄[48;2;255;251;82m[38;2;255;247;79m▄[48;2;107;20;0m[38;2;109;21;0m▄[48;2;255;252;83m[38;2;255;247;78m▄[48;2;255;248;78m[38;2;112;22;0m▄[48;2;255;249;80m[38;2;101;17;0m▄[48;2;255;238;64m[38;2;97;17;0m▄[48;2;97;17;0m[38;2;93;16;0m▄[48;2;255;236;70m[38;2;255;225;59m▄[48;2;110;23;0m[38;2;111;23;0m▄[48;2;0;0;0m[38;2;0;0;0m▄▄[48;2;255;200;28m[38;2;255;202;32m▄[48;2;255;228;60m[38;2;255;218;51m▄[48;2;102;19;0m[38;2;102;19;0m▄[48;2;0;0;0m[38;2;0;0;0m▄▄[48;2;255;225;57m[38;2;255;219;51m▄[48;2;255;229;61m[38;2;255;221;53m▄[48;2;100;18;0m[38;2;99;17;0m▄[48;2;0;0;0m[38;2;0;0;0m▄[48;2;255;231;65m[38;2;255;225;60m▄[48;2;255;221;49m[38;2;247;188;33m▄[48;2;0;0;0m[38;2;0;0;0m▄[48;2;255;230;61m[38;2;255;200;18m▄[48;2;255;229;59m[38;2;255;227;61m▄[48;2;101;18;0m[38;2;254;218;45m▄[48;2;255;230;62m[38;2;255;228;61m▄[48;2;255;230;60m[38;2;0;0;0m▄[48;2;0;0;0m▄▄▄▄▄▄[0m
[48;2;0;0;0m[38;2;0;0;0m▄▄▄▄▄▄▄▄▄▄▄▄▄▄[48;2;255;213;37m▄[48;2;0;0;0m▄▄[48;2;255;232;60m▄[48;2;110;21;0m▄[48;2;255;231;63m▄[48;2;255;228;61m▄[48;2;255;221;53m▄[48;2;255;211;43m▄[48;2;107;21;0m▄[48;2;255;209;45m[38;2;255;200;26m▄[48;2;255;201;35m[38;2;255;196;26m▄[48;2;255;199;31m[38;2;255;195;27m▄[48;2;122;35;1m[38;2;255;194;22m▄[48;2;255;203;35m[38;2;255;194;20m▄[48;2;255;205;40m[38;2;255;193;29m▄[48;2;111;22;0m[38;2;255;194;29m▄[48;2;102;18;0m[38;2;255;194;30m▄[48;2;99;17;0m[38;2;201;130;14m▄[48;2;255;206;38m[38;2;255;196;19m▄[48;2;255;210;42m[38;2;255;198;34m▄[48;2;102;18;0m[38;2;253;191;24m▄[48;2;0;0;0m[38;2;254;195;27m▄[48;2;255;214;50m[38;2;255;202;38m▄[48;2;196;133;24m[38;2;110;27;0m▄[48;2;0;0;0m[38;2;0;0;0m▄[38;2;254;200;30m▄[48;2;255;216;48m[38;2;255;207;41m▄[48;2;255;220;55m[38;2;255;207;39m▄[48;2;166;94;13m[38;2;255;206;39m▄[48;2;0;0;0m[38;2;102;18;0m▄[38;2;0;0;0m▄▄▄▄▄▄[0m
[48;2;0;0;0m[38;2;0;0;0m▄▄▄▄▄▄▄▄▄▄▄▄▄▄▄▄▄▄▄▄▄▄▄▄▄▄▄▄▄▄▄▄▄▄[48;2;255;192;17m▄[48;2;255;190;21m▄[48;2;255;190;22m▄[48;2;253;189;17m▄[48;2;0;0;0m▄[48;2;253;186;12m▄[48;2;255;193;29m▄[48;2;209;123;10m▄[48;2;0;0;0m▄[48;2;255;197;32m[38;2;255;191;17m▄[48;2;228;160;17m[38;2;255;191;16m▄[48;2;91;13;0m[38;2;103;18;0m▄[48;2;0;0;0m[38;2;0;0;0m▄▄▄▄▄[0m
[48;2;0;0;0m[38;2;0;0;0m▄▄▄▄▄▄▄▄▄▄▄▄▄▄▄▄▄▄▄▄▄▄▄▄▄▄▄▄▄▄▄▄▄▄▄▄▄▄▄▄▄▄▄▄▄▄▄▄▄▄▄[0m
[48;2;0;0;0m[38;2;0;0;0m▄▄▄▄▄▄▄▄▄▄▄▄▄▄▄▄▄▄▄▄▄▄▄▄▄▄▄▄▄▄▄▄▄▄▄▄▄▄▄▄▄▄▄▄▄▄▄▄▄▄▄[0m
[48;2;0;0;0m[38;2;0;0;0m▄▄▄▄▄▄▄▄▄▄▄▄▄▄▄▄▄▄▄▄▄▄▄▄▄▄▄▄▄▄▄▄▄▄▄▄▄▄▄▄▄▄▄▄▄▄▄▄▄▄▄[0m
[48;2;0;0;0m[38;2;0;0;0m▄▄▄▄▄▄▄▄▄▄▄▄▄▄▄▄▄▄▄▄▄▄▄▄▄▄▄▄▄▄▄▄▄▄▄▄▄▄▄▄▄▄▄▄▄▄▄▄▄▄▄[0m
[48;2;0;0;0m[38;2;0;0;0m▄▄▄▄▄▄▄▄▄▄▄▄▄▄▄▄▄▄▄▄▄▄▄▄▄▄▄▄▄▄▄▄▄▄▄▄▄▄▄▄▄▄▄▄▄▄▄▄▄▄▄[0m
