[48;2;0;0;0m[38;2;0;0;0m▄▄▄▄▄▄▄▄▄▄▄▄▄▄▄▄▄▄▄▄▄▄▄▄▄▄▄▄▄▄▄▄▄▄▄▄▄▄▄▄▄▄▄▄▄▄▄▄▄▄▄[0m
[48;2;0;0;0m[38;2;0;0;0m▄▄▄▄▄▄▄▄▄▄▄▄▄▄▄▄▄▄▄▄▄▄▄▄▄▄▄▄▄▄▄▄▄▄▄▄▄▄▄▄▄▄▄▄▄▄▄▄▄▄▄[0m
[48;2;0;0;0m[38;2;0;0;0m▄▄▄▄▄▄▄▄▄▄▄▄▄▄▄▄▄▄▄▄▄▄▄▄▄▄▄▄▄▄▄▄▄▄▄▄▄▄▄▄▄▄▄▄▄▄▄▄▄▄▄[0m
[48;2;0;0;0m[38;2;0;0;0m▄▄▄▄▄▄▄▄▄▄▄▄▄▄▄▄▄▄▄▄▄▄▄▄▄▄▄▄▄▄▄▄▄▄▄▄▄▄▄▄▄▄▄▄▄▄▄▄▄▄▄[0m
[48;2;0;0;0m[38;2;0;0;0m▄▄▄▄▄▄▄▄▄▄▄▄▄▄▄▄▄▄▄▄▄▄▄▄▄▄▄▄▄▄▄▄▄▄▄▄▄▄▄▄▄▄▄▄▄▄▄▄▄▄▄[0m
[48;2;0;0;0m[38;2;0;0;0m▄▄▄▄▄▄▄▄[38;2;75;9;0m▄[38;2;88;15;0m▄[38;2;82;12;0m▄[38;2;0;0;0m▄▄[38;2;85;13;0m▄[38;2;0;0;0m▄▄[38;2;77;11;0m▄[38;2;51;0;0m▄[38;2;0;0;0m▄▄▄▄▄▄▄▄▄▄▄▄▄▄▄▄▄▄▄▄▄▄▄▄▄▄▄▄▄▄▄▄▄[0m
[48;2;0;0;0m[38;2;0;0;0m▄▄▄▄▄▄▄[48;2;255;217;42m[38;2;255;226;59m▄[48;2;255;231;62m[38;2;252;211;42m▄[48;2;255;231;63m[38;2;103;19;0m▄[48;2;255;225;54m[38;2;138;57;6m▄[48;2;91;13;0m[38;2;0;0;0m▄[48;2;255;231;61m[38;2;255;230;62m▄[48;2;255;235;65m[38;2;255;232;63m▄[48;2;78;12;0m[38;2;91;14;0m▄[48;2;252;178;10m[38;2;100;28;2m▄[48;2;255;247;76m[38;2;255;247;79m▄[48;2;90;14;0m[38;2;88;13;0m▄[48;2;255;249;80m[38;2;255;251;83m▄[48;2;255;250;80m▄[48;2;255;249;79m[38;2;255;201;15m▄[48;2;255;249;78m[38;2;255;207;15m▄[48;2;255;228;32m[38;2;255;224;27m▄[48;2;255;204;0m[38;2;255;178;0m▄[48;2;255;249;79m[38;2;255;252;84m▄[48;2;86;12;0m[38;2;86;12;0m▄[48;2;0;0;0m[38;2;0;0;0m▄▄▄[48;2;255;208;29m[38;2;255;247;79m▄[48;2;74;9;0m[38;2;41;3;0m▄[48;2;0;0;0m[38;2;0;0;0m▄▄[48;2;109;0;0m[38;2;218;145;0m▄[48;2;115;41;5m[38;2;255;234;69m▄[48;2;90;16;0m[38;2;255;159;0m▄[48;2;0;0;0m[38;2;0;0;0m▄[48;2;102;23;0m[38;2;255;229;63m▄[48;2;98;20;0m[38;2;255;231;64m▄[48;2;0;0;0m[38;2;0;0;0m▄[48;2;91;14;0m[38;2;254;221;48m▄[48;2;83;14;0m[38;2;255;231;63m▄[48;2;0;0;0m[38;2;85;14;0m▄[48;2;86;13;0m[38;2;255;228;58m▄[48;2;97;19;0m[38;2;255;231;62m▄[48;2;85;0;0m[38;2;0;0;0m▄[48;2;0;0;0m▄▄▄▄▄[0m
[48;2;0;0;0m[38;2;0;0;0m▄▄▄▄▄▄▄[48;2;255;207;15m[38;2;254;199;27m▄[48;2;255;218;50m[38;2;104;19;0m▄[48;2;255;220;52m[38;2;91;13;0m▄[48;2;255;215;46m[38;2;255;208;43m▄[48;2;97;16;0m[38;2;149;76;10m▄[48;2;255;220;51m[38;2;255;206;39m▄[48;2;255;226;61m[38;2;255;211;45m▄[48;2;255;228;61m[38;2;83;12;0m▄[48;2;255;233;66m[38;2;255;191;0m▄[48;2;255;239;72m[38;2;255;227;62m▄[48;2;89;14;0m[38;2;93;15;0m▄[48;2;255;249;81m[38;2;255;238;69m▄[48;2;255;251;83m[38;2;255;245;76m▄[48;2;255;250;81m[38;2;0;0;0m▄[48;2;255;251;81m▄[48;2;104;27;0m▄[48;2;255;178;0m[38;2;255;178;0m▄[48;2;255;252;84m[38;2;255;251;83m▄[48;2;86;12;0m[38;2;89;12;0m▄[48;2;0;0;0m[38;2;0;0;0m▄▄▄[48;2;255;241;73m[38;2;255;231;65m▄[48;2;41;3;0m[38;2;72;9;0m▄[48;2;0;0;0m[38;2;0;0;0m▄▄[48;2;199;103;0m[38;2;217;108;0m▄[48;2;255;229;64m[38;2;255;218;53m▄[48;2;191;63;0m[38;2;0;0;0m▄[48;2;0;0;0m▄[48;2;255;225;57m[38;2;255;217;48m▄▄[48;2;0;0;0m[38;2;0;0;0m▄[38;2;63;0;0m▄[48;2;255;226;59m[38;2;255;212;41m▄[48;2;255;220;49m[38;2;255;220;55m▄[48;2;255;227;60m[38;2;255;212;40m▄[48;2;0;0;0m[38;2;0;0;0m▄▄▄▄▄▄▄[0m
[48;2;0;0;0m[38;2;0;0;0m▄▄▄▄▄▄▄[48;2;255;194;22m▄[48;2;255;192;26m▄[48;2;255;192;25m▄[48;2;255;193;27m▄[48;2;0;0;0m▄[48;2;255;196;27m▄[48;2;255;199;32m▄[48;2;86;14;0m▄[48;2;255;191;0m▄[48;2;255;211;46m[38;2;255;195;15m▄[48;2;96;18;0m[38;2;0;0;0m▄[48;2;255;219;46m[38;2;255;214;13m▄[48;2;255;230;64m[38;2;255;217;43m▄[48;2;255;231;63m[38;2;255;222;43m▄[48;2;255;236;66m[38;2;255;213;36m▄[48;2;255;236;65m[38;2;255;216;31m▄[48;2;255;178;0m[38;2;255;170;0m▄[48;2;255;242;75m[38;2;255;226;52m▄[48;2;255;231;62m[38;2;255;217;46m▄[48;2;255;224;54m[38;2;255;218;44m▄[48;2;255;216;41m[38;2;255;210;37m▄[48;2;0;0;0m[38;2;241;140;13m▄[48;2;255;217;52m[38;2;255;201;33m▄[48;2;246;177;23m[38;2;255;200;31m▄[48;2;152;61;2m[38;2;255;198;29m▄[48;2;112;31;1m[38;2;254;193;24m▄[48;2;0;0;0m[38;2;0;0;0m▄[48;2;255;204;41m[38;2;255;193;20m▄[48;2;210;121;8m[38;2;255;192;26m▄[48;2;96;16;0m[38;2;255;191;26m▄[48;2;255;203;38m[38;2;255;193;24m▄[48;2;255;202;33m[38;2;0;0;0m▄[48;2;0;0;0m[38;2;91;16;0m▄[48;2;125;50;4m[38;2;255;193;25m▄[48;2;255;205;40m[38;2;255;193;21m▄[48;2;255;201;30m[38;2;0;0;0m▄[48;2;255;206;41m[38;2;255;193;26m▄[48;2;62;10;0m[38;2;255;192;24m▄[48;2;0;0;0m[38;2;0;0;0m▄▄▄▄▄▄[0m
[48;2;0;0;0m[38;2;0;0;0m▄▄▄▄▄▄▄▄▄▄▄▄▄▄▄▄▄▄▄▄▄▄▄▄▄▄▄▄▄▄▄▄▄▄▄▄▄▄▄▄▄▄▄▄▄▄▄▄▄▄▄[0m
[48;2;0;0;0m[38;2;0;0;0m▄▄▄▄▄▄▄▄▄▄▄▄▄▄▄▄▄▄▄▄▄▄▄▄▄▄▄▄▄▄▄▄▄▄▄▄▄▄▄▄▄▄▄▄▄▄▄▄▄▄▄[0m
[48;2;0;0;0m[38;2;0;0;0m▄▄▄▄▄▄▄▄▄▄▄▄▄▄▄▄▄▄▄▄▄▄▄▄▄▄▄▄▄▄▄▄▄▄▄▄▄▄▄▄▄▄▄▄▄▄▄▄▄▄▄[0m
[48;2;0;0;0m[38;2;0;0;0m▄▄▄▄▄▄▄▄▄▄▄▄▄▄▄▄▄▄▄▄▄▄▄▄▄▄▄▄▄▄▄▄▄▄▄▄▄▄▄▄▄▄▄▄▄▄▄▄▄▄▄[0m
[48;2;0;0;0m[38;2;0;0;0m▄▄▄▄▄▄▄▄▄▄▄▄▄▄▄▄▄▄▄▄▄▄▄▄▄▄▄▄▄▄▄▄▄▄▄▄▄▄▄▄▄▄▄▄▄▄▄▄▄▄▄[0m
[48;2;0;0;0m[38;2;0;0;0m▄▄▄▄▄▄▄▄▄▄▄▄▄▄▄▄▄▄▄▄▄▄▄▄▄▄▄▄▄▄▄▄▄▄▄▄▄▄▄▄▄▄▄▄▄▄▄▄▄▄▄[0m
