[48;2;0;0;0m[38;2;0;0;0m▄▄▄▄▄▄▄▄▄▄▄▄▄▄▄▄▄▄▄▄▄▄▄▄▄▄▄▄▄▄▄▄▄▄▄▄▄▄▄▄▄▄▄▄▄▄▄▄▄▄▄[0m
[48;2;0;0;0m[38;2;0;0;0m▄▄▄▄▄▄▄▄▄▄▄▄▄▄▄▄▄▄▄▄▄▄▄▄▄▄▄▄▄▄▄▄▄▄▄▄▄▄▄▄▄▄▄▄▄▄▄▄▄▄▄[0m
[48;2;0;0;0m[38;2;0;0;0m▄▄▄▄▄▄▄▄▄▄▄▄▄▄▄▄▄▄▄▄▄▄▄▄▄▄▄▄▄▄▄▄▄▄▄▄▄▄▄▄▄▄▄▄▄▄▄▄▄▄▄[0m
[48;2;0;0;0m[38;2;0;0;0m▄▄▄▄▄▄▄▄▄▄▄▄▄▄▄▄▄▄▄▄▄▄▄▄▄▄▄▄▄▄▄▄▄▄▄▄▄▄▄▄▄▄▄▄▄▄▄▄▄▄▄[0m
[48;2;0;0;0m[38;2;0;0;0m▄▄▄▄▄▄▄▄▄▄▄▄▄▄▄▄▄▄▄▄▄▄▄▄▄▄▄▄▄▄▄▄▄▄▄▄▄▄▄▄▄▄▄▄▄▄▄▄▄▄▄[0m
[48;2;0;0;0m[38;2;0;0;0m▄▄▄▄▄▄▄▄▄▄▄▄▄▄▄▄▄▄▄▄▄▄▄▄▄▄[38;2;107;13;0m▄[38;2;127;28;0m▄[38;2;144;33;0m▄[38;2;0;0;0m▄[38;2;119;25;0m▄[38;2;137;32;0m▄[38;2;254;239;66m▄[38;2;132;30;0m▄[48;2;126;27;0m[38;2;255;246;74m▄[48;2;131;30;0m[38;2;154;57;4m▄[48;2;127;36;0m[38;2;254;246;74m▄[48;2;129;29;0m[38;2;194;113;13m▄[48;2;218;144;11m[38;2;255;249;79m▄[48;2;252;203;12m[38;2;0;0;0m▄[48;2;0;0;0m▄▄▄▄▄▄▄▄▄▄▄[0m
[48;2;0;0;0m[38;2;0;0;0m▄▄▄▄▄▄▄▄▄▄▄▄[38;2;123;27;0m▄[38;2;133;30;0m▄[38;2;0;0;0m▄[38;2;121;25;0m▄[38;2;137;33;0m▄[38;2;239;194;38m▄[48;2;109;0;0m[38;2;135;31;0m▄[48;2;127;27;0m[38;2;255;229;58m▄[48;2;130;29;0m[38;2;255;232;65m▄[48;2;134;32;0m[38;2;255;233;67m▄[48;2;128;29;0m[38;2;255;232;65m▄[48;2;135;31;0m[38;2;141;34;0m▄[48;2;250;195;29m[38;2;255;232;65m▄[48;2;0;0;0m[38;2;0;0;0m▄[48;2;119;22;0m[38;2;116;24;0m▄[48;2;137;32;0m[38;2;138;32;0m▄[48;2;255;236;67m[38;2;255;232;64m▄[48;2;0;0;0m[38;2;0;0;0m▄[48;2;122;26;0m[38;2;122;26;0m▄[48;2;142;34;0m[38;2;143;35;0m▄[48;2;255;251;82m[38;2;255;248;77m▄[48;2;134;31;0m[38;2;135;31;0m▄[48;2;255;249;79m[38;2;255;250;80m▄[48;2;141;43;0m[38;2;134;33;0m▄[48;2;141;33;0m[38;2;143;35;0m▄[48;2;255;250;81m[38;2;255;249;80m▄[48;2;255;236;56m[38;2;255;237;66m▄[48;2;0;0;0m[38;2;0;0;0m▄▄▄▄▄▄▄▄▄▄▄▄[0m
[48;2;0;0;0m[38;2;0;0;0m▄▄▄▄▄▄[38;2;121;25;0m▄[48;2;124;27;0m[38;2;141;34;0m▄[48;2;134;31;0m[38;2;255;232;64m▄[48;2;210;147;25m[38;2;254;222;49m▄[48;2;254;207;34m[38;2;255;229;60m▄[48;2;0;0;0m[38;2;255;228;57m▄[48;2;132;30;0m[38;2;133;30;0m▄[48;2;255;229;61m[38;2;255;228;61m▄[48;2;255;230;59m[38;2;255;227;59m▄[48;2;122;26;0m[38;2;133;31;0m▄[48;2;148;38;0m[38;2;147;38;0m▄[48;2;255;234;68m[38;2;255;227;61m▄[48;2;140;34;0m[38;2;140;33;0m▄[48;2;255;229;62m[38;2;255;221;55m▄[48;2;255;222;53m▄[48;2;132;30;0m[38;2;255;219;50m▄[48;2;128;28;0m[38;2;255;216;46m▄[48;2;139;33;0m[38;2;139;33;0m▄[48;2;255;225;59m[38;2;255;215;49m▄[48;2;0;0;0m[38;2;127;28;0m▄[48;2;116;24;0m[38;2;123;26;0m▄[48;2;138;33;0m[38;2;140;33;0m▄[48;2;255;223;55m[38;2;255;209;45m▄[48;2;0;0;0m[38;2;135;32;0m▄[48;2;123;26;0m[38;2;219;147;21m▄[48;2;145;36;0m[38;2;142;35;0m▄[48;2;255;235;67m[38;2;255;222;54m▄[48;2;140;33;0m[38;2;255;225;56m▄[48;2;255;246;78m[38;2;255;230;59m▄[48;2;141;35;0m[38;2;144;36;0m▄[48;2;255;236;66m[38;2;255;223;47m▄[48;2;161;59;1m[38;2;0;0;0m▄[48;2;255;223;54m▄[48;2;0;0;0m▄▄▄▄▄▄▄▄▄▄▄▄[0m
[48;2;0;0;0m[38;2;0;0;0m▄▄▄▄▄▄[48;2;123;26;0m▄[48;2;254;211;38m[38;2;138;34;0m▄[48;2;255;229;63m[38;2;255;217;47m▄[48;2;230;153;12m[38;2;255;220;52m▄[48;2;148;46;1m[38;2;255;219;53m▄[48;2;0;0;0m[38;2;255;215;47m▄[48;2;130;29;0m[38;2;136;32;0m▄[48;2;255;222;53m[38;2;255;210;43m▄[48;2;255;222;57m[38;2;255;211;44m▄[48;2;255;220;54m[38;2;123;27;0m▄[48;2;255;219;52m[38;2;142;35;0m▄[48;2;255;217;52m[38;2;255;204;40m▄[48;2;136;32;0m[38;2;136;31;0m▄[48;2;255;208;44m[38;2;255;196;32m▄[48;2;255;209;41m[38;2;255;197;32m▄[48;2;129;29;0m[38;2;255;193;28m▄[48;2;130;29;0m[38;2;255;193;27m▄[48;2;139;33;0m[38;2;143;34;0m▄[48;2;255;201;38m[38;2;255;191;24m▄[48;2;255;195;29m[38;2;255;192;23m▄[48;2;255;194;29m[38;2;255;195;21m▄[48;2;146;36;0m[38;2;0;0;0m▄[48;2;255;195;30m▄[48;2;255;197;30m▄[48;2;255;200;31m▄[48;2;0;0;0m▄▄▄▄▄▄▄▄▄▄▄▄▄▄▄▄▄▄▄▄[0m
[48;2;0;0;0m[38;2;0;0;0m▄▄▄▄▄▄[48;2;120;25;0m▄[48;2;132;30;0m[38;2;247;183;19m▄[48;2;140;34;0m[38;2;255;198;34m▄[48;2;124;27;0m[38;2;255;193;24m▄[48;2;142;35;0m[38;2;255;192;24m▄[48;2;255;205;41m[38;2;255;194;24m▄[48;2;140;35;0m[38;2;136;29;0m▄[48;2;255;197;32m[38;2;254;186;18m▄[48;2;255;200;33m[38;2;255;192;19m▄[48;2;121;26;0m[38;2;0;0;0m▄[48;2;144;37;0m▄[48;2;255;193;27m▄[48;2;135;32;0m▄[48;2;254;190;18m▄[48;2;255;191;22m▄[48;2;255;188;11m▄[48;2;0;0;0m▄▄▄▄▄▄▄▄▄▄▄▄▄▄▄▄▄▄▄▄▄▄▄▄▄▄▄▄▄[0m
[48;2;0;0;0m[38;2;0;0;0m▄▄▄▄▄▄▄▄[48;2;255;190;18m▄[48;2;255;188;21m▄[48;2;255;198;18m▄[48;2;0;0;0m▄▄▄▄▄▄▄▄▄▄▄▄▄▄▄▄▄▄▄▄▄▄▄▄▄▄▄▄▄▄▄▄▄▄▄▄▄▄▄▄[0m
[48;2;0;0;0m[38;2;0;0;0m▄▄▄▄▄▄▄▄▄▄▄▄▄▄▄▄▄▄▄▄▄▄▄▄▄▄▄▄▄▄▄▄▄▄▄▄▄▄▄▄▄▄▄▄▄▄▄▄▄▄▄[0m
[48;2;0;0;0m[38;2;0;0;0m▄▄▄▄▄▄▄▄▄▄▄▄▄▄▄▄▄▄▄▄▄▄▄▄▄▄▄▄▄▄▄▄▄▄▄▄▄▄▄▄▄▄▄▄▄▄▄▄▄▄▄[0m
[48;2;0;0;0m[38;2;0;0;0m▄▄▄▄▄▄▄▄▄▄▄▄▄▄▄▄▄▄▄▄▄▄▄▄▄▄▄▄▄▄▄▄▄▄▄▄▄▄▄▄▄▄▄▄▄▄▄▄▄▄▄[0m
[48;2;0;0;0m[38;2;0;0;0m▄▄▄▄▄▄▄▄▄▄▄▄▄▄▄▄▄▄▄▄▄▄▄▄▄▄▄▄▄▄▄▄▄▄▄▄▄▄▄▄▄▄▄▄▄▄▄▄▄▄▄[0m
