[48;2;0;0;0m[38;2;0;0;0m▄▄▄▄▄▄▄▄▄▄▄▄▄▄▄▄▄▄▄▄▄▄▄▄▄▄▄▄▄▄▄▄▄▄▄▄▄▄▄▄▄▄▄▄▄▄▄▄▄▄▄[0m
[48;2;0;0;0m[38;2;0;0;0m▄▄▄▄▄▄▄▄▄▄▄▄▄▄▄▄▄▄▄▄▄▄▄▄▄▄▄▄▄▄▄▄▄▄▄▄▄▄▄▄▄▄▄▄▄▄▄▄▄▄▄[0m
[48;2;0;0;0m[38;2;0;0;0m▄▄▄▄▄▄▄▄▄▄▄▄▄▄▄▄▄▄▄▄▄▄▄▄▄▄▄▄▄▄▄▄▄▄▄▄▄▄▄▄▄▄▄▄▄▄▄▄▄▄▄[0m
[48;2;0;0;0m[38;2;0;0;0m▄▄▄▄▄▄▄▄▄▄▄▄▄▄▄▄▄▄▄▄▄▄▄▄▄▄▄▄▄▄▄▄▄▄▄▄▄▄▄▄▄▄▄▄▄▄▄▄▄▄▄[0m
[48;2;0;0;0m[38;2;0;0;0m▄▄▄▄▄▄▄▄▄▄▄▄▄▄▄▄▄▄▄▄▄▄▄▄▄▄▄▄▄▄▄▄▄▄▄▄▄▄▄▄▄▄▄▄▄▄▄▄▄▄▄[0m
[48;2;0;0;0m[38;2;0;0;0m▄▄▄▄▄▄▄▄▄▄▄▄[48;2;238;131;1m[38;2;254;239;69m▄[48;2;161;42;0m[38;2;255;249;79m▄[48;2;152;38;0m[38;2;164;44;0m▄[48;2;146;37;0m[38;2;255;249;78m▄[48;2;0;0;0m[38;2;170;51;0m▄[38;2;152;39;0m▄[38;2;255;233;53m▄[38;2;157;41;0m▄[38;2;152;39;0m▄▄[38;2;151;38;0m▄[38;2;151;37;0m▄[38;2;144;33;0m▄[38;2;0;0;0m▄▄▄▄▄▄▄▄▄▄▄▄▄▄▄▄▄▄▄▄▄▄▄▄▄▄[0m
[48;2;0;0;0m[38;2;0;0;0m▄▄▄▄▄▄▄▄▄▄▄▄[48;2;255;249;79m[38;2;166;46;0m▄[48;2;252;203;26m[38;2;255;249;78m▄[48;2;162;44;0m[38;2;252;231;60m▄[48;2;255;249;78m[38;2;255;249;78m▄[48;2;176;59;0m[38;2;255;251;82m▄[48;2;158;42;0m[38;2;255;250;81m▄[48;2;255;249;78m[38;2;255;250;80m▄[48;2;168;48;0m[38;2;164;44;0m▄[48;2;255;244;77m[38;2;255;239;71m▄[48;2;255;238;68m[38;2;162;43;0m▄[48;2;255;237;68m[38;2;154;40;0m▄[48;2;166;46;0m▄[48;2;255;230;61m[38;2;255;231;65m▄[48;2;162;44;0m[38;2;166;47;0m▄[48;2;143;34;0m[38;2;142;34;0m▄[48;2;0;0;0m[38;2;0;0;0m▄[48;2;172;49;0m[38;2;255;230;59m▄[48;2;155;40;0m[38;2;255;214;42m▄[48;2;144;35;0m[38;2;147;36;0m▄[48;2;0;0;0m[38;2;0;0;0m▄[38;2;255;209;28m▄[38;2;243;199;43m▄[38;2;154;38;0m▄[38;2;139;32;0m▄[38;2;163;44;0m▄[38;2;154;39;0m▄[38;2;146;36;0m▄[38;2;0;0;0m▄▄▄▄▄▄▄▄▄▄▄▄[0m
[48;2;0;0;0m[38;2;0;0;0m▄▄▄▄▄▄▄▄▄▄▄▄[48;2;255;221;52m▄[48;2;233;177;34m[38;2;255;216;42m▄[48;2;255;241;70m[38;2;0;0;0m▄[48;2;255;248;80m[38;2;255;230;59m▄[48;2;180;72;8m[38;2;188;79;6m▄[48;2;152;38;0m[38;2;153;39;0m▄[48;2;255;241;74m[38;2;255;224;58m▄[48;2;162;43;0m[38;2;162;43;0m▄[48;2;255;229;63m[38;2;255;214;48m▄[48;2;255;225;56m[38;2;162;42;0m▄[48;2;255;221;48m[38;2;152;39;0m▄[48;2;165;45;0m[38;2;154;40;0m▄[48;2;255;224;57m[38;2;255;212;46m▄[48;2;166;47;0m[38;2;167;47;0m▄[48;2;142;34;0m[38;2;144;35;0m▄[48;2;0;0;0m[38;2;0;0;0m▄[48;2;255;225;55m[38;2;255;216;47m▄[48;2;255;214;44m[38;2;255;208;39m▄[48;2;147;36;0m[38;2;146;36;0m▄[48;2;0;0;0m[38;2;0;0;0m▄[48;2;255;218;42m[38;2;255;218;45m▄[48;2;255;232;66m[38;2;255;226;60m▄[48;2;158;40;0m[38;2;161;43;0m▄[48;2;139;32;0m[38;2;138;31;0m▄[48;2;255;233;65m[38;2;255;229;63m▄[48;2;214;132;21m[38;2;203;121;21m▄[48;2;198;111;8m[38;2;146;35;0m▄[48;2;255;230;61m[38;2;255;229;61m▄[48;2;161;43;0m[38;2;254;218;45m▄[48;2;143;34;0m[38;2;159;42;0m▄[48;2;162;43;0m[38;2;255;233;67m▄[48;2;152;39;0m[38;2;254;210;31m▄[48;2;146;36;0m[38;2;147;39;0m▄[48;2;0;0;0m[38;2;0;0;0m▄▄▄▄▄▄[0m
[48;2;0;0;0m[38;2;0;0;0m▄▄▄▄▄▄▄▄▄▄▄▄▄▄▄▄▄▄▄▄[48;2;255;201;33m▄[48;2;255;198;30m▄[48;2;255;196;29m▄[48;2;171;49;0m▄[48;2;255;198;34m[38;2;255;195;16m▄[48;2;255;195;29m[38;2;255;192;23m▄[48;2;224;146;18m[38;2;255;193;25m▄[48;2;158;41;0m[38;2;167;45;0m▄[48;2;255;202;39m[38;2;255;191;27m▄[48;2;255;198;32m[38;2;255;194;30m▄[48;2;150;37;0m[38;2;255;194;29m▄[48;2;153;34;0m[38;2;255;189;23m▄[48;2;255;207;34m[38;2;159;42;0m▄[48;2;255;217;51m[38;2;255;204;40m▄[48;2;160;42;0m[38;2;163;44;0m▄[48;2;127;31;0m[38;2;151;39;0m▄[48;2;255;221;56m[38;2;255;210;46m▄[48;2;202;118;19m[38;2;201;109;13m▄[48;2;145;35;0m[38;2;145;35;0m▄[48;2;255;210;30m[38;2;255;185;23m▄[48;2;255;225;59m[38;2;255;219;53m▄[48;2;255;225;58m[38;2;255;220;55m▄[48;2;255;225;55m[38;2;162;43;0m▄[48;2;151;37;0m[38;2;143;33;0m▄[48;2;0;0;0m[38;2;0;0;0m▄▄▄▄▄▄▄[0m
[48;2;0;0;0m[38;2;0;0;0m▄▄▄▄▄▄▄▄▄▄▄▄▄▄▄▄▄▄▄▄▄▄▄▄▄▄▄▄▄[48;2;255;218;0m▄[48;2;255;191;22m▄[48;2;255;187;17m▄[48;2;157;40;0m▄[48;2;255;194;23m▄[48;2;255;193;28m▄[48;2;255;194;29m[38;2;255;188;17m▄[48;2;255;198;32m[38;2;0;0;0m▄[48;2;157;40;0m▄[48;2;0;0;0m[38;2;255;193;15m▄[48;2;255;202;34m[38;2;255;193;27m▄[48;2;255;205;38m[38;2;157;41;0m▄[48;2;255;207;41m[38;2;255;196;22m▄[48;2;255;204;32m[38;2;255;197;32m▄[48;2;151;37;0m[38;2;162;43;0m▄[48;2;0;0;0m[38;2;143;34;0m▄[38;2;0;0;0m▄▄▄▄▄▄[0m
[48;2;0;0;0m[38;2;0;0;0m▄▄▄▄▄▄▄▄▄▄▄▄▄▄▄▄▄▄▄▄▄▄▄▄▄▄▄▄▄▄▄▄▄▄▄▄▄▄▄▄▄▄[48;2;255;192;20m▄[48;2;255;190;12m▄[48;2;153;38;0m▄[48;2;0;0;0m▄▄▄▄▄▄[0m
[48;2;0;0;0m[38;2;0;0;0m▄▄▄▄▄▄▄▄▄▄▄▄▄▄▄▄▄▄▄▄▄▄▄▄▄▄▄▄▄▄▄▄▄▄▄▄▄▄▄▄▄▄▄▄▄▄▄▄▄▄▄[0m
[48;2;0;0;0m[38;2;0;0;0m▄▄▄▄▄▄▄▄▄▄▄▄▄▄▄▄▄▄▄▄▄▄▄▄▄▄▄▄▄▄▄▄▄▄▄▄▄▄▄▄▄▄▄▄▄▄▄▄▄▄▄[0m
[48;2;0;0;0m[38;2;0;0;0m▄▄▄▄▄▄▄▄▄▄▄▄▄▄▄▄▄▄▄▄▄▄▄▄▄▄▄▄▄▄▄▄▄▄▄▄▄▄▄▄▄▄▄▄▄▄▄▄▄▄▄[0m
[48;2;0;0;0m[38;2;0;0;0m▄▄▄▄▄▄▄▄▄▄▄▄▄▄▄▄▄▄▄▄▄▄▄▄▄▄▄▄▄▄▄▄▄▄▄▄▄▄▄▄▄▄▄▄▄▄▄▄▄▄▄[0m
