[48;2;0;0;0m[38;2;0;0;0m▄▄▄▄▄▄▄▄▄▄▄▄▄▄▄▄▄▄▄▄▄▄▄▄▄▄▄▄▄▄▄▄▄▄▄▄▄▄▄▄▄▄▄▄▄▄▄▄▄▄▄[0m
[48;2;0;0;0m[38;2;0;0;0m▄▄▄▄▄▄▄▄▄▄▄▄▄▄▄▄▄▄▄▄▄▄▄▄▄▄▄▄▄▄▄▄▄▄▄▄▄▄▄▄▄▄▄▄▄▄▄▄▄▄▄[0m
[48;2;0;0;0m[38;2;0;0;0m▄▄▄▄▄▄▄▄▄▄▄▄▄▄▄▄▄▄▄▄▄▄▄▄▄▄▄▄▄▄▄▄▄▄▄▄▄▄▄▄▄▄▄▄▄▄▄▄▄▄▄[0m
[48;2;0;0;0m[38;2;0;0;0m▄▄▄▄▄▄▄▄▄▄▄▄▄▄▄▄▄▄▄▄▄▄▄▄▄▄▄▄▄▄▄▄▄▄▄▄▄▄▄▄▄▄▄▄▄▄▄▄▄▄▄[0m
[48;2;0;0;0m[38;2;0;0;0m▄▄▄▄▄▄▄▄▄▄▄▄▄▄▄▄▄▄▄▄▄▄▄▄▄▄▄▄▄▄▄▄▄▄▄▄▄▄▄▄▄▄▄▄▄▄▄▄▄▄▄[0m
[48;2;0;0;0m[38;2;0;0;0m▄▄▄▄▄▄▄▄▄▄▄▄▄▄▄▄▄▄▄▄▄▄▄▄▄▄▄[38;2;166;44;0m▄[38;2;174;48;0m▄[38;2;0;0;0m▄▄[38;2;164;42;0m▄[38;2;173;47;0m▄[38;2;185;54;0m▄[38;2;165;43;0m▄[38;2;178;49;0m▄[38;2;255;222;47m▄[38;2;179;51;0m▄[38;2;255;248;76m▄[48;2;170;0;0m[38;2;178;50;0m▄[48;2;173;48;0m[38;2;255;234;61m▄[48;2;0;0;0m[38;2;255;212;23m▄[38;2;0;0;0m▄▄▄▄▄▄▄▄▄[0m
[48;2;0;0;0m[38;2;0;0;0m▄▄▄▄▄▄[38;2;167;45;0m▄[38;2;174;48;0m▄[38;2;176;49;0m▄[38;2;177;50;0m▄[38;2;0;0;0m▄[38;2;170;45;0m▄[38;2;245;195;30m▄[38;2;254;216;41m▄[38;2;0;0;0m▄[48;2;156;39;0m[38;2;177;49;0m▄[48;2;172;49;0m[38;2;255;231;63m▄[48;2;0;0;0m[38;2;255;198;0m▄[48;2;173;48;0m[38;2;222;148;25m▄[48;2;174;48;0m[38;2;255;233;67m▄[48;2;175;49;0m[38;2;255;233;65m▄[48;2;177;50;0m[38;2;255;232;64m▄[48;2;182;62;1m[38;2;255;226;55m▄[48;2;175;48;0m[38;2;179;49;0m▄[48;2;255;222;47m[38;2;255;235;70m▄[48;2;0;0;0m[38;2;0;0;0m▄▄[48;2;169;45;0m[38;2;169;45;0m▄[48;2;255;249;79m[38;2;255;249;81m▄[48;2;255;248;77m[38;2;255;248;78m▄[48;2;0;0;0m[38;2;0;0;0m▄[48;2;166;44;0m[38;2;164;43;0m▄[48;2;181;50;0m[38;2;182;51;0m▄[48;2;255;251;83m[38;2;255;251;83m▄[48;2;167;44;0m[38;2;168;45;0m▄[48;2;184;53;0m[38;2;190;59;0m▄[48;2;255;249;77m[38;2;255;248;77m▄[48;2;171;46;0m[38;2;165;43;0m▄[48;2;255;244;74m[38;2;183;52;0m▄[48;2;254;224;49m[38;2;255;234;68m▄[48;2;255;235;65m[38;2;255;216;38m▄[48;2;0;0;0m[38;2;0;0;0m▄▄▄▄▄▄▄▄▄▄[0m
[48;2;0;0;0m[38;2;0;0;0m▄▄▄▄▄▄[48;2;199;91;6m[38;2;255;226;56m▄[48;2;255;231;63m[38;2;255;227;59m▄[48;2;255;229;58m[38;2;174;49;0m▄[48;2;255;233;65m[38;2;194;72;0m▄[48;2;255;219;45m[38;2;0;0;0m▄[48;2;171;46;0m[38;2;171;46;0m▄[48;2;255;230;62m[38;2;255;223;56m▄[48;2;255;228;59m[38;2;255;224;57m▄[48;2;0;0;0m[38;2;255;221;52m▄[48;2;176;49;0m[38;2;255;220;53m▄[48;2;255;231;65m[38;2;255;223;58m▄[48;2;255;226;28m[38;2;255;214;36m▄[48;2;221;143;24m[38;2;221;143;25m▄[48;2;255;229;63m[38;2;255;221;56m▄[48;2;172;47;0m[38;2;255;218;49m▄[48;2;176;49;0m[38;2;255;217;46m▄[48;2;163;45;0m[38;2;255;206;27m▄[48;2;178;48;0m[38;2;177;48;0m▄[48;2;255;229;64m[38;2;255;218;53m▄[48;2;0;0;0m[38;2;255;0;0m▄[38;2;171;43;0m▄[48;2;169;45;0m[38;2;170;46;0m▄[48;2;255;240;71m[38;2;255;227;60m▄[48;2;255;242;71m[38;2;255;231;62m▄[48;2;0;0;0m[38;2;174;48;0m▄[48;2;165;43;0m[38;2;173;47;0m▄[48;2;185;55;0m[38;2;179;50;0m▄[48;2;255;251;83m[38;2;255;247;79m▄[48;2;168;45;0m[38;2;240;159;18m▄[48;2;228;113;2m[38;2;255;235;67m▄[48;2;255;245;75m[38;2;238;184;33m▄[48;2;175;48;0m[38;2;184;52;0m▄[48;2;255;219;49m[38;2;255;211;42m▄[48;2;247;194;38m[38;2;180;50;0m▄[48;2;255;211;43m[38;2;255;197;28m▄[48;2;0;0;0m[38;2;255;196;14m▄[38;2;0;0;0m▄▄▄▄▄▄▄▄▄[0m
[48;2;0;0;0m[38;2;0;0;0m▄▄▄▄▄[38;2;168;44;0m▄[48;2;252;191;17m[38;2;174;48;0m▄[48;2;255;221;53m[38;2;181;53;0m▄[48;2;255;221;54m[38;2;0;0;0m▄[48;2;255;219;53m[38;2;255;204;32m▄[48;2;255;210;39m[38;2;255;207;43m▄[48;2;169;45;0m[38;2;171;45;0m▄[48;2;255;214;46m[38;2;255;204;36m▄[48;2;255;216;50m[38;2;255;202;35m▄[48;2;255;215;44m[38;2;0;0;0m▄[48;2;250;203;38m[38;2;176;49;0m▄[48;2;255;212;48m[38;2;255;199;36m▄[48;2;255;210;36m[38;2;255;202;28m▄[48;2;220;137;20m[38;2;221;127;13m▄[48;2;255;208;44m[38;2;255;195;32m▄[48;2;174;49;0m[38;2;255;194;29m▄[48;2;174;48;0m[38;2;255;193;28m▄[48;2;174;49;0m[38;2;255;193;22m▄[48;2;177;49;0m[38;2;179;50;0m▄[48;2;255;203;40m[38;2;255;194;25m▄[48;2;255;200;33m[38;2;255;195;25m▄[48;2;255;200;35m[38;2;255;198;24m▄[48;2;247;187;28m[38;2;255;198;14m▄[48;2;255;212;43m[38;2;0;0;0m▄[48;2;255;218;52m▄[48;2;255;223;57m▄[48;2;255;225;54m▄[48;2;0;0;0m▄[48;2;255;201;23m▄[48;2;255;228;55m▄[48;2;255;211;30m▄[48;2;0;0;0m▄▄▄▄▄▄▄▄▄▄▄▄▄▄▄[0m
[48;2;0;0;0m[38;2;0;0;0m▄▄▄▄▄▄[48;2;255;197;25m▄[48;2;255;198;32m[38;2;255;189;18m▄[48;2;221;130;13m[38;2;255;189;21m▄[48;2;255;193;26m[38;2;255;188;17m▄[48;2;255;196;26m[38;2;0;0;0m▄[48;2;172;45;0m▄[48;2;255;192;23m▄[48;2;255;194;23m▄[48;2;0;0;0m▄[48;2;179;47;0m▄[48;2;255;193;21m▄[48;2;255;193;14m▄[48;2;255;182;0m▄[48;2;0;0;0m▄▄▄▄▄▄▄▄▄▄▄▄▄▄▄▄▄▄▄▄▄▄▄▄▄▄▄▄▄▄▄▄[0m
[48;2;0;0;0m[38;2;0;0;0m▄▄▄▄▄▄▄▄▄▄▄▄▄▄▄▄▄▄▄▄▄▄▄▄▄▄▄▄▄▄▄▄▄▄▄▄▄▄▄▄▄▄▄▄▄▄▄▄▄▄▄[0m
[48;2;0;0;0m[38;2;0;0;0m▄▄▄▄▄▄▄▄▄▄▄▄▄▄▄▄▄▄▄▄▄▄▄▄▄▄▄▄▄▄▄▄▄▄▄▄▄▄▄▄▄▄▄▄▄▄▄▄▄▄▄[0m
[48;2;0;0;0m[38;2;0;0;0m▄▄▄▄▄▄▄▄▄▄▄▄▄▄▄▄▄▄▄▄▄▄▄▄▄▄▄▄▄▄▄▄▄▄▄▄▄▄▄▄▄▄▄▄▄▄▄▄▄▄▄[0m
[48;2;0;0;0m[38;2;0;0;0m▄▄▄▄▄▄▄▄▄▄▄▄▄▄▄▄▄▄▄▄▄▄▄▄▄▄▄▄▄▄▄▄▄▄▄▄▄▄▄▄▄▄▄▄▄▄▄▄▄▄▄[0m
[48;2;0;0;0m[38;2;0;0;0m▄▄▄▄▄▄▄▄▄▄▄▄▄▄▄▄▄▄▄▄▄▄▄▄▄▄▄▄▄▄▄▄▄▄▄▄▄▄▄▄▄▄▄▄▄▄▄▄▄▄▄[0m
