[48;2;0;0;0m[38;2;0;0;0m▄▄▄▄▄▄▄▄▄▄▄▄▄▄▄▄▄▄▄▄▄▄▄▄▄▄▄▄▄▄▄▄▄▄▄▄▄▄▄▄▄▄▄▄▄▄▄▄▄▄▄[0m
[48;2;0;0;0m[38;2;0;0;0m▄▄▄▄▄▄▄▄▄▄▄▄▄▄▄▄▄▄▄▄▄▄▄▄▄▄▄▄▄▄▄▄▄▄▄▄▄▄▄▄▄▄▄▄▄▄▄▄▄▄▄[0m
[48;2;0;0;0m[38;2;0;0;0m▄▄▄▄▄▄▄▄▄▄▄▄▄▄▄▄▄▄▄▄▄▄▄▄▄▄▄▄▄▄▄▄▄▄▄▄▄▄▄▄▄▄▄▄▄▄▄▄▄▄▄[0m
[48;2;0;0;0m[38;2;0;0;0m▄▄▄▄▄▄▄▄▄▄▄▄▄▄▄▄▄▄▄▄▄▄▄▄▄▄▄▄▄▄▄▄▄▄▄▄▄▄▄▄▄▄▄▄▄▄▄▄▄▄▄[0m
[48;2;0;0;0m[38;2;0;0;0m▄▄▄▄▄▄▄▄▄▄▄▄▄▄▄▄▄▄▄▄▄▄▄▄▄▄▄▄▄▄▄▄▄▄▄▄▄▄▄▄▄▄▄▄▄▄▄▄▄▄▄[0m
[48;2;0;0;0m[38;2;0;0;0m▄▄▄▄▄▄▄▄▄▄▄▄▄▄▄▄▄▄▄▄▄▄▄▄▄▄▄[38;2;115;25;0m▄[38;2;133;33;0m▄[38;2;0;0;0m▄[38;2;106;20;0m▄[38;2;125;27;0m▄[38;2;249;207;38m▄[38;2;122;27;0m▄[38;2;146;47;3m▄[48;2;116;24;0m[38;2;255;246;72m▄[48;2;125;24;0m[38;2;191;112;10m▄[48;2;113;24;0m[38;2;255;249;79m▄[48;2;127;28;0m[38;2;240;193;40m▄[48;2;217;148;9m[38;2;255;222;30m▄[48;2;0;0;0m[38;2;0;0;0m▄▄▄▄▄▄▄▄▄▄▄[0m
[48;2;0;0;0m[38;2;0;0;0m▄▄▄▄▄▄▄▄▄▄▄▄[38;2;118;25;0m▄[38;2;124;27;0m▄[38;2;0;0;0m▄[38;2;113;23;0m▄[38;2;237;173;20m▄[38;2;254;222;52m▄[48;2;117;19;0m[38;2;129;29;0m▄[48;2;118;24;0m[38;2;255;230;61m▄[48;2;121;26;0m[38;2;255;233;66m▄[48;2;123;27;0m▄[48;2;117;25;0m[38;2;255;231;61m▄[48;2;127;28;0m[38;2;133;30;0m▄[48;2;252;204;34m[38;2;255;233;67m▄[48;2;0;0;0m[38;2;0;0;0m▄[38;2;100;20;0m▄[48;2;128;28;0m[38;2;129;29;0m▄[48;2;255;236;66m[38;2;255;233;65m▄[48;2;255;225;39m[38;2;255;215;39m▄[48;2;107;21;0m[38;2;106;21;0m▄[48;2;130;29;0m[38;2;131;29;0m▄[48;2;255;251;81m[38;2;255;251;83m▄[48;2;123;27;0m[38;2;120;25;0m▄[48;2;172;69;4m[38;2;226;119;4m▄[48;2;255;250;80m[38;2;255;252;84m▄[48;2;128;28;0m[38;2;129;28;0m▄[48;2;255;250;80m[38;2;255;247;77m▄[48;2;255;249;80m[38;2;255;242;74m▄[48;2;0;0;0m[38;2;0;0;0m▄▄▄▄▄▄▄▄▄▄▄▄[0m
[48;2;0;0;0m[38;2;0;0;0m▄▄▄▄▄▄[48;2;105;20;0m[38;2;117;24;0m▄[48;2;122;26;0m[38;2;255;215;36m▄[48;2;205;135;14m[38;2;255;230;63m▄[48;2;255;225;54m[38;2;204;114;4m▄[48;2;255;222;50m[38;2;255;229;60m▄[48;2;0;0;0m[38;2;255;221;47m▄[48;2;128;28;0m[38;2;127;28;0m▄[48;2;255;232;64m[38;2;255;230;62m▄[48;2;255;224;49m[38;2;254;218;50m▄[48;2;117;25;0m[38;2;126;28;0m▄[48;2;254;219;54m[38;2;251;212;47m▄[48;2;255;231;65m[38;2;255;225;58m▄[48;2;129;29;0m[38;2;131;30;0m▄[48;2;255;230;63m[38;2;255;222;56m▄[48;2;221;168;31m[38;2;255;220;52m▄[48;2;123;27;0m[38;2;255;218;50m▄[48;2;118;26;0m[38;2;255;215;43m▄[48;2;131;29;0m[38;2;132;30;0m▄[48;2;255;226;60m[38;2;255;215;49m▄[48;2;0;0;0m[38;2;114;25;0m▄[48;2;105;20;0m[38;2;115;20;0m▄[48;2;129;29;0m[38;2;130;29;0m▄[48;2;255;224;56m[38;2;255;211;44m▄[48;2;255;215;39m[38;2;130;32;0m▄[48;2;108;20;0m[38;2;166;84;12m▄[48;2;131;29;0m[38;2;131;30;0m▄[48;2;255;243;75m[38;2;255;227;58m▄[48;2;127;28;0m[38;2;255;229;61m▄[48;2;253;207;38m[38;2;255;234;66m▄[48;2;255;241;67m[38;2;133;31;0m▄[48;2;137;32;0m[38;2;255;222;48m▄[48;2;255;238;69m[38;2;0;0;0m▄[48;2;255;220;50m▄[48;2;255;210;34m▄[48;2;0;0;0m▄▄▄▄▄▄▄▄▄▄▄[0m
[48;2;0;0;0m[38;2;0;0;0m▄▄▄▄▄▄[48;2;119;25;0m▄[48;2;255;225;56m[38;2;191;91;0m▄[48;2;255;225;59m[38;2;255;216;45m▄[48;2;255;217;44m[38;2;255;216;47m▄[48;2;221;133;9m[38;2;255;217;50m▄[48;2;0;0;0m[38;2;255;212;43m▄[48;2;127;29;0m[38;2;129;29;0m▄[48;2;255;221;55m[38;2;255;210;44m▄[38;2;255;207;34m▄[48;2;255;219;52m[38;2;116;25;0m▄[48;2;255;218;51m[38;2;240;180;30m▄[48;2;255;216;49m[38;2;255;203;39m▄[48;2;130;29;0m[38;2;129;29;0m▄[48;2;255;210;45m[38;2;255;196;33m▄[48;2;222;164;28m[38;2;255;195;31m▄[48;2;121;26;0m[38;2;255;193;28m▄[48;2;120;26;0m[38;2;255;193;26m▄[48;2;132;30;0m[38;2;137;33;0m▄[48;2;255;201;38m[38;2;255;191;23m▄[48;2;255;196;29m[38;2;255;192;23m▄[48;2;255;195;29m[38;2;255;195;21m▄[48;2;139;34;0m[38;2;0;0;0m▄[48;2;255;198;30m▄[48;2;255;199;33m▄[48;2;255;202;35m▄[48;2;0;0;0m▄▄▄▄▄▄▄▄▄▄▄▄▄▄▄▄▄▄▄▄[0m
[48;2;0;0;0m[38;2;0;0;0m▄▄▄▄▄▄[48;2;116;24;0m▄[48;2;127;28;0m[38;2;255;196;25m▄[48;2;208;131;13m[38;2;255;196;32m▄[48;2;120;25;0m[38;2;255;192;25m▄[48;2;232;165;20m▄[48;2;255;203;38m[38;2;255;195;18m▄[48;2;128;29;0m[38;2;127;42;0m▄[48;2;255;196;32m[38;2;255;192;18m▄[48;2;255;198;26m[38;2;255;192;16m▄[48;2;113;23;0m[38;2;0;0;0m▄[48;2;239;167;18m▄[48;2;255;193;25m▄[48;2;130;26;0m▄[48;2;254;189;19m▄[48;2;255;192;20m▄[48;2;0;0;0m▄▄▄▄▄▄▄▄▄▄▄▄▄▄▄▄▄▄▄▄▄▄▄▄▄▄▄▄▄▄[0m
[48;2;0;0;0m[38;2;0;0;0m▄▄▄▄▄▄▄▄▄▄▄▄▄▄▄▄▄▄▄▄▄▄▄▄▄▄▄▄▄▄▄▄▄▄▄▄▄▄▄▄▄▄▄▄▄▄▄▄▄▄▄[0m
[48;2;0;0;0m[38;2;0;0;0m▄▄▄▄▄▄▄▄▄▄▄▄▄▄▄▄▄▄▄▄▄▄▄▄▄▄▄▄▄▄▄▄▄▄▄▄▄▄▄▄▄▄▄▄▄▄▄▄▄▄▄[0m
[48;2;0;0;0m[38;2;0;0;0m▄▄▄▄▄▄▄▄▄▄▄▄▄▄▄▄▄▄▄▄▄▄▄▄▄▄▄▄▄▄▄▄▄▄▄▄▄▄▄▄▄▄▄▄▄▄▄▄▄▄▄[0m
[48;2;0;0;0m[38;2;0;0;0m▄▄▄▄▄▄▄▄▄▄▄▄▄▄▄▄▄▄▄▄▄▄▄▄▄▄▄▄▄▄▄▄▄▄▄▄▄▄▄▄▄▄▄▄▄▄▄▄▄▄▄[0m
[48;2;0;0;0m[38;2;0;0;0m▄▄▄▄▄▄▄▄▄▄▄▄▄▄▄▄▄▄▄▄▄▄▄▄▄▄▄▄▄▄▄▄▄▄▄▄▄▄▄▄▄▄▄▄▄▄▄▄▄▄▄[0m
