[48;2;0;0;0m[38;2;0;0;0m▄▄▄▄▄▄▄▄▄▄▄▄▄▄▄▄▄▄▄▄▄▄▄▄▄▄▄▄▄▄▄▄▄▄▄▄▄▄▄▄▄▄▄▄▄▄▄▄▄▄▄[0m
[48;2;0;0;0m[38;2;0;0;0m▄▄▄▄▄▄▄▄▄▄▄▄▄▄▄▄▄▄▄▄▄▄▄▄▄▄▄▄▄▄▄▄▄▄▄▄▄▄▄▄▄▄▄▄▄▄▄▄▄▄▄[0m
[48;2;0;0;0m[38;2;0;0;0m▄▄▄▄▄▄▄▄▄▄▄▄▄▄▄▄▄▄▄▄▄▄▄▄▄▄▄▄▄▄▄▄▄▄▄▄▄▄▄▄▄▄▄▄▄▄▄▄▄▄▄[0m
[48;2;0;0;0m[38;2;0;0;0m▄▄▄▄▄▄▄▄▄▄▄▄▄▄▄▄▄▄▄▄▄▄▄▄▄▄▄▄▄▄▄▄▄▄▄▄▄▄▄▄▄▄▄▄▄▄▄▄▄▄▄[0m
[48;2;0;0;0m[38;2;0;0;0m▄▄▄▄▄▄▄▄▄▄▄▄▄▄▄▄▄▄▄▄▄▄▄▄▄▄▄▄▄▄▄▄▄▄▄▄▄▄▄▄▄▄▄▄▄▄▄▄▄▄▄[0m
[48;2;0;0;0m[38;2;0;0;0m▄▄▄▄▄▄▄▄▄▄▄▄▄▄▄▄▄▄▄▄▄▄▄▄▄▄▄▄▄▄▄▄▄▄▄▄▄▄▄▄▄▄▄▄▄▄▄▄▄▄▄[0m
[48;2;0;0;0m[38;2;0;0;0m▄▄▄▄▄▄[38;2;255;216;41m▄[48;2;255;216;41m[38;2;255;228;61m▄[48;2;255;231;61m[38;2;184;52;0m▄[48;2;255;219;44m[38;2;255;229;60m▄[48;2;182;51;0m[38;2;255;222;46m▄[48;2;0;0;0m[38;2;0;0;0m▄[48;2;255;228;58m[38;2;255;232;67m▄[48;2;226;136;12m[38;2;229;161;31m▄[48;2;0;0;0m[38;2;0;0;0m▄[48;2;255;223;52m[38;2;255;230;61m▄[48;2;255;230;56m[38;2;255;236;68m▄[48;2;0;0;0m[38;2;0;0;0m▄[48;2;255;238;66m[38;2;255;244;77m▄[48;2;255;248;76m[38;2;255;249;81m▄[48;2;255;249;77m[38;2;255;209;26m▄[38;2;255;208;26m▄[48;2;254;187;16m[38;2;254;191;8m▄[48;2;0;0;0m[38;2;0;0;0m▄[48;2;255;248;76m[38;2;255;252;83m▄[48;2;0;0;0m[38;2;0;0;0m▄▄▄[48;2;189;57;0m[38;2;175;46;0m▄[48;2;255;248;75m[38;2;255;251;83m▄[48;2;0;0;0m[38;2;0;0;0m▄▄▄[48;2;184;54;0m[38;2;192;64;0m▄[48;2;255;234;60m[38;2;255;237;70m▄[48;2;0;0;0m[38;2;0;0;0m▄▄[48;2;255;222;51m[38;2;255;229;63m▄[48;2;255;220;48m[38;2;255;230;62m▄[48;2;183;54;0m[38;2;0;0;0m▄[48;2;255;226;55m[38;2;255;217;42m▄[48;2;255;187;13m[38;2;255;229;62m▄[48;2;179;50;0m[38;2;191;59;0m▄[48;2;255;221;49m[38;2;255;231;64m▄[48;2;255;213;38m[38;2;255;255;0m▄[48;2;0;0;0m[38;2;0;0;0m▄▄▄▄▄▄[0m
[48;2;0;0;0m[38;2;0;0;0m▄▄▄▄▄▄[48;2;255;212;26m[38;2;192;55;0m▄[48;2;255;223;56m[38;2;185;53;0m▄[48;2;255;220;51m[38;2;250;198;32m▄[48;2;255;214;43m[38;2;255;212;43m▄[48;2;185;53;0m[38;2;255;209;41m▄[48;2;0;0;0m[38;2;181;51;0m▄[48;2;255;225;59m[38;2;255;213;46m▄[48;2;255;224;56m[38;2;254;209;41m▄[48;2;255;224;55m[38;2;255;217;45m▄[48;2;255;227;60m[38;2;255;213;44m▄[48;2;255;229;63m[38;2;255;219;52m▄[48;2;0;0;0m[38;2;0;0;0m▄[48;2;255;237;68m[38;2;255;224;57m▄[48;2;255;241;74m[38;2;255;230;62m▄[48;2;255;231;58m[38;2;0;0;0m▄[48;2;255;233;58m▄[48;2;187;57;0m▄[48;2;0;0;0m▄[48;2;255;252;84m[38;2;255;252;83m▄[48;2;0;0;0m[38;2;0;0;0m▄▄▄[48;2;170;46;0m[38;2;174;47;0m▄[48;2;255;251;83m[38;2;255;244;77m▄[48;2;0;0;0m[38;2;0;0;0m▄▄▄[48;2;193;73;3m[38;2;195;81;6m▄[48;2;255;231;65m[38;2;255;219;54m▄[48;2;0;0;0m[38;2;0;0;0m▄[38;2;180;49;0m▄[48;2;255;223;56m[38;2;255;212;45m▄[48;2;255;223;54m[38;2;255;209;40m▄[48;2;0;0;0m[38;2;0;0;0m▄[48;2;179;51;0m[38;2;185;53;0m▄[48;2;255;223;56m[38;2;255;212;45m▄[48;2;255;224;58m[38;2;255;213;47m▄[48;2;255;212;32m[38;2;255;202;30m▄[48;2;0;0;0m[38;2;0;0;0m▄▄▄▄▄▄▄[0m
[48;2;0;0;0m[38;2;0;0;0m▄▄▄▄▄▄[48;2;255;198;21m▄[48;2;255;197;31m[38;2;255;191;18m▄[48;2;191;62;1m[38;2;255;190;21m▄[48;2;255;195;28m[38;2;255;189;20m▄[48;2;255;199;32m[38;2;0;0;0m▄[48;2;0;0;0m▄[48;2;255;199;34m[38;2;255;188;19m▄[48;2;255;196;30m[38;2;255;192;18m▄[48;2;0;0;0m[38;2;0;0;0m▄[48;2;255;200;32m[38;2;255;190;17m▄[48;2;255;205;41m[38;2;255;193;21m▄[48;2;185;46;0m[38;2;0;0;0m▄[48;2;255;209;41m[38;2;255;198;20m▄[48;2;255;215;48m[38;2;255;202;32m▄[48;2;255;217;45m[38;2;255;207;35m▄[48;2;255;223;50m[38;2;255;212;40m▄[48;2;255;218;38m[38;2;255;210;34m▄[48;2;0;0;0m[38;2;0;0;0m▄[48;2;255;244;77m[38;2;255;222;48m▄[48;2;255;238;68m[38;2;255;224;51m▄[48;2;255;236;67m[38;2;255;222;49m▄[48;2;255;227;56m[38;2;255;209;35m▄[48;2;177;50;0m[38;2;230;115;8m▄[48;2;255;231;65m[38;2;255;212;40m▄[48;2;255;215;46m[38;2;255;207;36m▄[48;2;255;208;39m[38;2;255;202;32m▄[48;2;255;199;29m[38;2;255;197;21m▄[48;2;0;0;0m[38;2;0;0;0m▄[48;2;255;205;39m[38;2;255;197;11m▄[48;2;255;199;30m[38;2;255;192;22m▄[48;2;255;195;27m[38;2;255;191;22m▄[48;2;255;200;36m[38;2;255;191;16m▄[48;2;255;201;23m[38;2;0;0;0m▄[48;2;182;51;0m[38;2;255;186;9m▄[48;2;255;198;31m[38;2;255;190;19m▄[48;2;255;198;27m[38;2;0;0;0m▄[48;2;241;170;20m▄[48;2;255;198;34m[38;2;255;188;18m▄[48;2;0;0;0m[38;2;255;187;10m▄[38;2;0;0;0m▄▄▄▄▄▄[0m
[48;2;0;0;0m[38;2;0;0;0m▄▄▄▄▄▄▄▄▄▄▄▄▄▄▄▄▄▄▄▄▄▄▄▄▄▄▄▄▄▄▄▄▄▄▄▄▄▄▄▄▄▄▄▄▄▄▄▄▄▄▄[0m
[48;2;0;0;0m[38;2;0;0;0m▄▄▄▄▄▄▄▄▄▄▄▄▄▄▄▄▄▄▄▄▄▄▄▄▄▄▄▄▄▄▄▄▄▄▄▄▄▄▄▄▄▄▄▄▄▄▄▄▄▄▄[0m
[48;2;0;0;0m[38;2;0;0;0m▄▄▄▄▄▄▄▄▄▄▄▄▄▄▄▄▄▄▄▄▄▄▄▄▄▄▄▄▄▄▄▄▄▄▄▄▄▄▄▄▄▄▄▄▄▄▄▄▄▄▄[0m
[48;2;0;0;0m[38;2;0;0;0m▄▄▄▄▄▄▄▄▄▄▄▄▄▄▄▄▄▄▄▄▄▄▄▄▄▄▄▄▄▄▄▄▄▄▄▄▄▄▄▄▄▄▄▄▄▄▄▄▄▄▄[0m
[48;2;0;0;0m[38;2;0;0;0m▄▄▄▄▄▄▄▄▄▄▄▄▄▄▄▄▄▄▄▄▄▄▄▄▄▄▄▄▄▄▄▄▄▄▄▄▄▄▄▄▄▄▄▄▄▄▄▄▄▄▄[0m
[48;2;0;0;0m[38;2;0;0;0m▄▄▄▄▄▄▄▄▄▄▄▄▄▄▄▄▄▄▄▄▄▄▄▄▄▄▄▄▄▄▄▄▄▄▄▄▄▄▄▄▄▄▄▄▄▄▄▄▄▄▄[0m
