[48;2;0;0;0m[38;2;0;0;0m▄▄▄▄▄▄▄▄▄▄▄▄▄▄▄▄▄▄▄▄▄▄▄▄▄▄▄▄▄▄▄▄▄▄▄▄▄▄▄▄▄▄▄▄▄▄▄▄▄▄▄[0m
[48;2;0;0;0m[38;2;0;0;0m▄▄▄▄▄▄▄▄▄▄▄▄▄▄▄▄▄▄▄▄▄▄▄▄▄▄▄▄▄▄▄▄▄▄▄▄▄▄▄▄▄▄▄▄▄▄▄▄▄▄▄[0m
[48;2;0;0;0m[38;2;0;0;0m▄▄▄▄▄▄▄▄▄▄▄▄▄▄▄▄▄▄▄▄▄▄▄▄▄▄▄▄▄▄▄▄▄▄▄▄▄▄▄▄▄▄▄▄▄▄▄▄▄▄▄[0m
[48;2;0;0;0m[38;2;0;0;0m▄▄▄▄▄▄▄▄▄▄▄▄▄▄▄▄▄▄▄▄▄▄▄▄▄▄▄▄▄▄▄▄▄▄▄▄▄▄▄▄▄▄▄▄▄▄▄▄▄▄▄[0m
[48;2;0;0;0m[38;2;0;0;0m▄▄▄▄▄▄▄▄▄▄▄▄▄▄▄▄▄▄▄▄▄▄▄▄▄▄▄▄▄▄▄▄▄▄▄▄▄▄▄▄▄▄▄▄▄▄▄▄▄▄▄[0m
[48;2;0;0;0m[38;2;0;0;0m▄▄▄▄▄▄▄▄▄▄▄▄▄▄▄▄▄▄▄▄▄▄▄▄▄▄▄▄▄▄▄▄▄▄▄▄▄▄▄▄▄▄▄▄▄▄▄▄▄▄▄[0m
[48;2;0;0;0m[38;2;0;0;0m▄▄▄▄▄▄[38;2;255;224;54m▄[48;2;247;180;18m[38;2;255;229;61m▄[48;2;255;224;50m[38;2;255;201;26m▄[48;2;115;41;4m[38;2;255;231;62m▄[48;2;84;12;0m[38;2;254;209;29m▄[48;2;0;0;0m[38;2;0;0;0m▄[48;2;255;212;40m[38;2;255;233;67m▄[48;2;90;13;0m[38;2;155;60;0m▄[48;2;0;0;0m[38;2;0;0;0m▄[48;2;253;210;30m[38;2;255;232;64m▄[48;2;255;221;39m[38;2;255;234;67m▄[48;2;0;0;0m[38;2;0;0;0m▄[48;2;255;222;37m[38;2;255;240;71m▄[48;2;255;240;63m[38;2;255;244;75m▄[48;2;255;245;70m[38;2;255;233;48m▄[48;2;255;244;71m[38;2;255;223;38m▄[48;2;248;189;21m[38;2;254;190;10m▄[48;2;130;35;0m[38;2;145;41;0m▄[48;2;255;247;75m[38;2;255;252;84m▄[48;2;0;0;0m[38;2;0;0;0m▄▄▄[48;2;81;9;0m[38;2;76;8;0m▄[48;2;255;249;79m[38;2;255;251;83m▄[48;2;0;0;0m[38;2;0;0;0m▄▄▄[48;2;116;38;0m[38;2;117;46;4m▄[48;2;255;241;71m[38;2;255;240;72m▄[48;2;0;0;0m[38;2;0;0;0m▄▄[48;2;255;230;59m[38;2;255;232;64m▄[48;2;255;224;54m[38;2;255;225;55m▄[48;2;115;41;0m[38;2;0;0;0m▄[48;2;255;230;61m[38;2;255;225;55m▄[48;2;255;191;18m[38;2;255;228;60m▄[48;2;94;14;0m[38;2;254;218;45m▄[48;2;255;229;60m[38;2;255;228;60m▄[48;2;255;205;24m[38;2;0;0;0m▄[48;2;0;0;0m▄▄▄▄▄▄[0m
[48;2;0;0;0m[38;2;0;0;0m▄▄▄▄▄▄[48;2;255;213;38m[38;2;85;11;0m▄[48;2;255;224;57m[38;2;111;29;0m▄[48;2;255;220;49m[38;2;255;214;40m▄[48;2;197;136;21m[38;2;255;215;48m▄[48;2;90;13;0m[38;2;255;209;39m▄[48;2;0;0;0m[38;2;0;0;0m▄[48;2;255;226;60m[38;2;255;215;50m▄[48;2;255;221;52m[38;2;255;216;47m▄[48;2;255;222;52m[38;2;255;219;47m▄[48;2;255;226;59m[38;2;255;218;48m▄[48;2;255;229;61m[38;2;255;218;51m▄[48;2;0;0;0m[38;2;0;0;0m▄[48;2;255;234;66m[38;2;255;222;55m▄[48;2;255;237;68m[38;2;255;226;59m▄[48;2;255;234;59m[38;2;255;195;23m▄[48;2;255;238;61m[38;2;255;205;22m▄[48;2;238;102;0m[38;2;0;0;0m▄[48;2;115;28;0m[38;2;87;18;0m▄[48;2;255;252;84m[38;2;255;251;83m▄[48;2;0;0;0m[38;2;0;0;0m▄▄▄[48;2;77;10;0m[38;2;79;13;0m▄[48;2;255;252;83m[38;2;255;249;81m▄[48;2;0;0;0m[38;2;0;0;0m▄▄▄[48;2;123;55;8m[38;2;125;55;8m▄[48;2;255;234;68m[38;2;255;222;57m▄[48;2;0;0;0m[38;2;0;0;0m▄[48;2;81;12;0m[38;2;92;15;0m▄[48;2;255;224;58m[38;2;255;213;47m▄[48;2;255;221;50m[38;2;255;210;37m▄[48;2;0;0;0m[38;2;81;9;0m▄[48;2;89;14;0m[38;2;202;123;12m▄[48;2;255;222;56m[38;2;255;211;45m▄[48;2;255;223;58m[38;2;255;211;46m▄[48;2;0;0;0m[38;2;255;198;26m▄[38;2;0;0;0m▄▄▄▄▄▄▄[0m
[48;2;0;0;0m[38;2;0;0;0m▄▄▄▄▄▄[48;2;255;197;24m▄[48;2;255;197;29m[38;2;255;191;22m▄[48;2;96;16;0m[38;2;255;192;25m▄[48;2;254;197;29m[38;2;255;192;23m▄[48;2;255;201;34m[38;2;255;182;0m▄[48;2;0;0;0m[38;2;0;0;0m▄[48;2;255;201;38m[38;2;255;188;21m▄[48;2;196;134;21m[38;2;246;172;13m▄[48;2;0;0;0m[38;2;0;0;0m▄[48;2;255;198;29m[38;2;254;189;19m▄[48;2;255;203;40m[38;2;255;195;26m▄[48;2;0;0;0m[38;2;0;0;0m▄[48;2;255;206;42m[38;2;255;192;24m▄[48;2;255;211;45m[38;2;255;201;33m▄[48;2;255;208;40m[38;2;255;206;35m▄[48;2;255;217;45m[38;2;255;213;39m▄[48;2;255;214;36m[38;2;255;213;34m▄[48;2;76;12;0m[38;2;255;204;0m▄[48;2;255;242;75m[38;2;255;220;48m▄[48;2;255;238;68m[38;2;255;222;51m▄[48;2;255;239;72m[38;2;255;219;46m▄[48;2;255;235;66m[38;2;254;218;40m▄[48;2;85;15;0m[38;2;155;66;0m▄[48;2;255;236;70m[38;2;255;221;49m▄[48;2;255;225;55m[38;2;255;214;45m▄[48;2;255;219;49m[38;2;255;208;39m▄[48;2;255;208;37m[38;2;254;194;25m▄[48;2;0;0;0m[38;2;0;0;0m▄[48;2;255;206;41m[38;2;255;0;0m▄[48;2;255;199;32m[38;2;255;193;23m▄[48;2;255;196;28m[38;2;255;191;23m▄[48;2;255;199;34m[38;2;255;182;0m▄[48;2;0;0;0m[38;2;0;0;0m▄[48;2;98;16;0m[38;2;255;185;11m▄[48;2;255;197;32m[38;2;255;195;21m▄[48;2;255;196;21m[38;2;0;0;0m▄[48;2;242;177;21m▄[48;2;255;196;31m[38;2;255;189;21m▄[48;2;0;0;0m[38;2;255;184;5m▄[38;2;0;0;0m▄▄▄▄▄▄[0m
[48;2;0;0;0m[38;2;0;0;0m▄▄▄▄▄▄▄▄▄▄▄▄▄▄▄▄▄▄▄▄▄▄▄▄▄▄▄▄▄▄▄▄▄▄▄▄▄▄▄▄▄▄▄▄▄▄▄▄▄▄▄[0m
[48;2;0;0;0m[38;2;0;0;0m▄▄▄▄▄▄▄▄▄▄▄▄▄▄▄▄▄▄▄▄▄▄▄▄▄▄▄▄▄▄▄▄▄▄▄▄▄▄▄▄▄▄▄▄▄▄▄▄▄▄▄[0m
[48;2;0;0;0m[38;2;0;0;0m▄▄▄▄▄▄▄▄▄▄▄▄▄▄▄▄▄▄▄▄▄▄▄▄▄▄▄▄▄▄▄▄▄▄▄▄▄▄▄▄▄▄▄▄▄▄▄▄▄▄▄[0m
[48;2;0;0;0m[38;2;0;0;0m▄▄▄▄▄▄▄▄▄▄▄▄▄▄▄▄▄▄▄▄▄▄▄▄▄▄▄▄▄▄▄▄▄▄▄▄▄▄▄▄▄▄▄▄▄▄▄▄▄▄▄[0m
[48;2;0;0;0m[38;2;0;0;0m▄▄▄▄▄▄▄▄▄▄▄▄▄▄▄▄▄▄▄▄▄▄▄▄▄▄▄▄▄▄▄▄▄▄▄▄▄▄▄▄▄▄▄▄▄▄▄▄▄▄▄[0m
[48;2;0;0;0m[38;2;0;0;0m▄▄▄▄▄▄▄▄▄▄▄▄▄▄▄▄▄▄▄▄▄▄▄▄▄▄▄▄▄▄▄▄▄▄▄▄▄▄▄▄▄▄▄▄▄▄▄▄▄▄▄[0m
