[48;2;0;0;0m[38;2;0;0;0m▄▄▄▄▄▄▄▄▄▄▄▄▄▄▄▄▄▄▄▄▄▄▄▄▄▄▄▄▄▄▄▄▄▄▄▄▄▄▄▄▄▄▄▄▄▄▄▄▄▄▄[0m
[48;2;0;0;0m[38;2;0;0;0m▄▄▄▄▄▄▄▄▄▄▄▄▄▄▄▄▄▄▄▄▄▄▄▄▄▄▄▄▄▄▄▄▄▄▄▄▄▄▄▄▄▄▄▄▄▄▄▄▄▄▄[0m
[48;2;0;0;0m[38;2;0;0;0m▄▄▄▄▄▄▄▄▄▄▄▄▄▄▄▄▄▄▄▄▄▄▄▄▄▄▄▄▄▄▄▄▄▄▄▄▄▄▄▄▄▄▄▄▄▄▄▄▄▄▄[0m
[48;2;0;0;0m[38;2;0;0;0m▄▄▄▄▄▄▄▄▄▄▄▄▄▄▄▄▄▄▄▄▄▄▄▄▄▄▄▄▄▄▄▄▄▄▄▄▄▄▄▄▄▄▄▄▄▄▄▄▄▄▄[0m
[48;2;0;0;0m[38;2;0;0;0m▄▄▄▄▄▄▄▄▄▄▄▄▄▄▄▄▄▄▄▄▄▄▄▄▄▄▄▄▄▄▄▄▄▄▄▄▄▄▄▄▄▄▄▄▄▄▄▄▄▄▄[0m
[48;2;0;0;0m[38;2;0;0;0m▄▄▄▄▄▄▄▄▄▄▄▄[48;2;255;202;10m[38;2;255;250;80m▄[48;2;156;42;0m[38;2;232;187;43m▄[48;2;142;34;0m[38;2;243;203;40m▄[48;2;132;30;0m[38;2;255;238;60m▄[48;2;0;0;0m[38;2;253;184;15m▄[48;2;85;0;0m[38;2;144;36;0m▄[48;2;0;0;0m[38;2;255;242;66m▄[38;2;147;36;0m▄[38;2;141;34;0m▄[38;2;142;35;0m▄[38;2;140;33;0m▄[38;2;138;33;0m▄[38;2;133;31;0m▄[38;2;0;0;0m▄▄▄▄▄▄▄▄▄▄▄▄▄▄▄▄▄▄▄▄▄▄▄▄▄▄[0m
[48;2;0;0;0m[38;2;0;0;0m▄▄▄▄▄▄▄▄▄▄▄▄[48;2;255;248;78m[38;2;163;47;0m▄[38;2;202;124;18m▄[48;2;153;39;0m[38;2;255;248;79m▄[48;2;255;211;27m[38;2;248;154;7m▄[48;2;255;232;51m[38;2;255;251;82m▄[48;2;149;38;0m[38;2;255;250;81m▄[48;2;255;249;80m[38;2;255;248;78m▄[48;2;155;41;0m[38;2;155;40;0m▄[48;2;255;242;75m[38;2;255;236;69m▄[48;2;255;237;67m[38;2;153;39;0m▄[48;2;255;235;69m[38;2;144;36;0m▄[48;2;153;40;0m[38;2;143;34;0m▄[48;2;255;230;60m[38;2;255;231;64m▄[48;2;152;40;0m[38;2;156;42;0m▄[48;2;131;29;0m[38;2;132;29;0m▄[48;2;0;0;0m[38;2;0;0;0m▄[48;2;159;31;0m[38;2;255;231;64m▄[48;2;144;35;0m[38;2;245;152;15m▄[48;2;131;30;0m[38;2;134;31;0m▄[48;2;0;0;0m[38;2;0;0;0m▄[38;2;255;207;22m▄[38;2;241;191;35m▄[38;2;142;33;0m▄[38;2;131;24;0m▄[38;2;150;39;0m▄[38;2;139;32;0m▄[38;2;132;31;0m▄[38;2;0;0;0m▄▄▄▄▄▄▄▄▄▄▄▄[0m
[48;2;0;0;0m[38;2;0;0;0m▄▄▄▄▄▄▄▄▄▄▄▄[48;2;255;222;51m▄[48;2;217;152;30m▄[48;2;255;242;72m▄[48;2;177;69;4m[38;2;255;216;30m▄[48;2;255;244;73m[38;2;255;229;60m▄[48;2;144;35;0m[38;2;143;35;0m▄[48;2;255;237;69m[38;2;255;221;56m▄[48;2;156;42;0m[38;2;153;39;0m▄[48;2;255;227;61m[38;2;255;212;46m▄[48;2;255;224;55m[38;2;153;39;0m▄[48;2;255;221;51m[38;2;141;34;0m▄[48;2;151;38;0m[38;2;139;33;0m▄[48;2;255;224;56m[38;2;255;211;45m▄[48;2;156;42;0m[38;2;156;43;0m▄[48;2;132;29;0m[38;2;133;30;0m▄[48;2;0;0;0m[38;2;0;0;0m▄[48;2;255;226;60m[38;2;255;218;50m▄[48;2;216;115;11m[38;2;187;85;9m▄[48;2;134;30;0m[38;2;134;30;0m▄[48;2;0;0;0m[38;2;0;0;0m▄[48;2;255;220;42m[38;2;255;217;44m▄[48;2;255;232;66m[38;2;255;226;58m▄[48;2;145;35;0m[38;2;145;35;0m▄[48;2;127;31;0m[38;2;127;31;0m▄[48;2;255;233;65m[38;2;255;230;64m▄[48;2;155;41;0m[38;2;150;37;0m▄[48;2;254;208;29m[38;2;134;30;0m▄[48;2;255;225;53m[38;2;255;231;64m▄[48;2;146;35;0m[38;2;204;114;9m▄[48;2;130;28;0m[38;2;247;194;21m▄[48;2;149;38;0m[38;2;255;233;67m▄[48;2;140;34;0m[38;2;232;169;16m▄[48;2;132;30;0m[38;2;0;0;0m▄[48;2;0;0;0m▄▄▄▄▄▄[0m
[48;2;0;0;0m[38;2;0;0;0m▄▄▄▄▄▄▄▄▄▄▄▄▄▄▄▄▄▄▄▄[48;2;255;199;30m▄[48;2;255;196;29m▄[48;2;255;195;28m▄[48;2;152;38;0m▄[48;2;255;198;33m[38;2;255;195;16m▄[48;2;255;195;29m[38;2;255;192;23m▄[48;2;181;82;6m[38;2;255;192;25m▄[48;2;146;36;0m[38;2;155;39;0m▄[48;2;255;205;40m[38;2;255;195;28m▄[48;2;177;74;7m[38;2;255;195;30m▄[48;2;138;32;0m[38;2;255;194;28m▄[48;2;115;23;0m[38;2;252;188;23m▄[48;2;255;211;42m[38;2;189;99;12m▄[48;2;255;216;48m[38;2;255;204;38m▄[48;2;146;35;0m[38;2;151;38;0m▄[48;2;0;0;0m[38;2;137;32;0m▄[48;2;255;222;56m[38;2;255;212;47m▄[48;2;150;37;0m[38;2;149;37;0m▄[48;2;132;29;0m[38;2;131;28;0m▄[48;2;255;215;36m[38;2;255;204;23m▄[48;2;255;225;57m[38;2;255;220;55m▄[48;2;255;226;60m[38;2;255;220;53m▄[48;2;255;222;51m[38;2;148;37;0m▄[48;2;137;31;0m[38;2;128;26;0m▄[48;2;0;0;0m[38;2;0;0;0m▄▄▄▄▄▄▄[0m
[48;2;0;0;0m[38;2;0;0;0m▄▄▄▄▄▄▄▄▄▄▄▄▄▄▄▄▄▄▄▄▄▄▄▄▄▄▄▄▄[48;2;255;191;21m▄[48;2;255;192;21m▄[48;2;255;191;19m▄[48;2;147;36;0m▄[48;2;255;194;25m▄[48;2;255;193;28m[38;2;255;196;19m▄[48;2;255;195;30m[38;2;255;188;18m▄[48;2;255;199;32m[38;2;0;0;0m▄[48;2;144;35;0m▄[48;2;0;0;0m[38;2;255;192;19m▄[48;2;255;204;38m[38;2;255;194;28m▄[48;2;255;206;39m[38;2;145;35;0m▄[48;2;255;209;44m[38;2;255;197;27m▄[48;2;170;66;4m[38;2;255;197;30m▄[48;2;135;31;0m[38;2;147;36;0m▄[48;2;0;0;0m[38;2;130;28;0m▄[38;2;0;0;0m▄▄▄▄▄▄[0m
[48;2;0;0;0m[38;2;0;0;0m▄▄▄▄▄▄▄▄▄▄▄▄▄▄▄▄▄▄▄▄▄▄▄▄▄▄▄▄▄▄▄▄▄▄▄▄▄▄▄▄▄▄[48;2;255;192;22m▄[48;2;190;96;4m▄[48;2;137;31;0m▄[48;2;0;0;0m▄▄▄▄▄▄[0m
[48;2;0;0;0m[38;2;0;0;0m▄▄▄▄▄▄▄▄▄▄▄▄▄▄▄▄▄▄▄▄▄▄▄▄▄▄▄▄▄▄▄▄▄▄▄▄▄▄▄▄▄▄▄▄▄▄▄▄▄▄▄[0m
[48;2;0;0;0m[38;2;0;0;0m▄▄▄▄▄▄▄▄▄▄▄▄▄▄▄▄▄▄▄▄▄▄▄▄▄▄▄▄▄▄▄▄▄▄▄▄▄▄▄▄▄▄▄▄▄▄▄▄▄▄▄[0m
[48;2;0;0;0m[38;2;0;0;0m▄▄▄▄▄▄▄▄▄▄▄▄▄▄▄▄▄▄▄▄▄▄▄▄▄▄▄▄▄▄▄▄▄▄▄▄▄▄▄▄▄▄▄▄▄▄▄▄▄▄▄[0m
[48;2;0;0;0m[38;2;0;0;0m▄▄▄▄▄▄▄▄▄▄▄▄▄▄▄▄▄▄▄▄▄▄▄▄▄▄▄▄▄▄▄▄▄▄▄▄▄▄▄▄▄▄▄▄▄▄▄▄▄▄▄[0m
