[48;2;0;0;0m[38;2;0;0;0m▄▄▄▄▄▄▄▄▄▄▄▄▄▄▄▄▄▄▄▄▄▄▄▄▄▄▄▄▄▄▄▄▄▄▄▄▄▄▄▄▄▄▄▄▄▄▄▄▄▄▄[0m
[48;2;0;0;0m[38;2;0;0;0m▄▄▄▄▄▄▄▄▄▄▄▄▄▄▄▄▄▄▄▄▄▄▄▄▄▄▄▄▄▄▄▄▄▄▄▄▄▄▄▄▄▄▄▄▄▄▄▄▄▄▄[0m
[48;2;0;0;0m[38;2;0;0;0m▄▄▄▄▄▄▄▄▄▄▄▄▄▄▄▄▄▄▄▄▄▄▄▄▄▄▄▄▄▄▄▄▄▄▄▄▄▄▄▄▄▄▄▄▄▄▄▄▄▄▄[0m
[48;2;0;0;0m[38;2;0;0;0m▄▄▄▄▄▄▄▄▄▄▄▄▄▄▄▄▄▄▄▄▄▄▄▄▄▄▄▄▄▄▄▄▄▄▄▄▄▄▄▄▄▄▄▄▄▄▄▄▄▄▄[0m
[48;2;0;0;0m[38;2;0;0;0m▄▄▄▄▄▄▄▄▄▄▄▄▄▄▄▄▄▄▄▄▄▄▄▄▄▄▄▄▄▄▄▄▄▄▄▄▄▄▄▄▄▄▄▄▄▄▄▄▄▄▄[0m
[48;2;0;0;0m[38;2;0;0;0m▄▄▄▄▄▄▄▄▄▄▄▄▄▄▄▄▄▄▄▄▄▄▄▄▄▄▄[38;2;161;42;0m▄[38;2;171;48;0m▄[38;2;0;0;0m▄▄[38;2;161;42;0m▄[38;2;176;50;0m▄[38;2;210;115;8m▄[38;2;167;45;0m▄[38;2;254;242;70m▄[38;2;246;173;22m▄[38;2;254;227;48m▄[48;2;160;43;0m[38;2;254;236;63m▄[48;2;169;46;0m[38;2;185;57;0m▄[48;2;170;42;0m[38;2;255;240;71m▄[48;2;0;0;0m[38;2;0;0;0m▄▄▄▄▄▄▄▄▄▄[0m
[48;2;0;0;0m[38;2;0;0;0m▄▄▄▄▄▄▄[38;2;166;44;0m▄[38;2;170;47;0m▄[38;2;172;48;0m▄[38;2;0;0;0m▄[38;2;163;42;0m▄[38;2;170;46;0m▄[38;2;205;99;4m▄[38;2;0;0;0m▄[38;2;171;47;0m▄[48;2;156;39;0m[38;2;255;230;61m▄[48;2;0;0;0m[38;2;255;210;31m▄[48;2;167;45;0m[38;2;176;48;0m▄[48;2;170;47;0m[38;2;255;233;67m▄▄[48;2;172;48;0m[38;2;255;233;65m▄[48;2;174;51;0m[38;2;255;229;57m▄[48;2;173;48;0m[38;2;177;50;0m▄[48;2;255;217;44m[38;2;255;234;68m▄[48;2;0;0;0m[38;2;0;0;0m▄▄[48;2;166;44;0m[38;2;166;44;0m▄[48;2;255;243;72m[38;2;255;242;74m▄[48;2;255;245;70m[38;2;255;241;70m▄[48;2;0;0;0m[38;2;0;0;0m▄[48;2;165;43;0m[38;2;164;43;0m▄[48;2;255;220;42m[38;2;255;221;43m▄[48;2;255;250;79m[38;2;255;251;80m▄[48;2;169;45;0m[38;2;170;46;0m▄[48;2;255;251;82m[38;2;255;250;81m▄[48;2;255;238;58m[38;2;255;210;19m▄[48;2;175;49;0m[38;2;173;47;0m▄[48;2;255;249;80m[38;2;255;237;68m▄[48;2;255;240;71m[38;2;255;233;66m▄[48;2;0;0;0m[38;2;0;0;0m▄▄▄▄▄▄▄▄▄▄▄[0m
[48;2;0;0;0m[38;2;0;0;0m▄▄▄▄▄▄[48;2;170;46;0m[38;2;252;200;28m▄[48;2;255;223;51m[38;2;255;231;65m▄[48;2;255;232;63m[38;2;168;45;0m▄[48;2;255;232;65m[38;2;173;49;0m▄[48;2;255;223;52m[38;2;255;218;40m▄[48;2;166;43;0m[38;2;164;41;0m▄[48;2;255;227;56m[38;2;255;219;49m▄[48;2;255;233;66m[38;2;255;227;61m▄[48;2;0;0;0m[38;2;251;196;34m▄[48;2;174;48;0m[38;2;255;218;48m▄[48;2;255;232;65m[38;2;255;225;60m▄[48;2;255;220;48m[38;2;255;222;50m▄[48;2;176;48;0m[38;2;176;48;0m▄[48;2;255;229;64m[38;2;255;222;56m▄[48;2;169;46;0m[38;2;255;218;49m▄[48;2;169;47;0m[38;2;255;217;48m▄[48;2;170;47;0m[38;2;255;212;38m▄[48;2;175;48;0m[38;2;175;48;0m▄[48;2;255;227;61m[38;2;255;217;51m▄[48;2;0;0;0m[38;2;127;0;0m▄[38;2;170;34;0m▄[48;2;166;44;0m[38;2;168;45;0m▄[48;2;255;234;67m[38;2;255;219;54m▄[48;2;255;230;59m[38;2;255;221;51m▄[48;2;0;0;0m[38;2;172;47;0m▄[48;2;164;43;0m[38;2;191;84;5m▄[48;2;255;231;49m[38;2;208;112;12m▄[48;2;255;249;79m[38;2;255;242;74m▄[48;2;174;47;0m[38;2;255;233;62m▄[48;2;255;248;78m[38;2;255;238;69m▄[48;2;191;90;8m[38;2;178;49;0m▄[48;2;181;51;0m[38;2;255;215;43m▄[48;2;255;228;60m[38;2;255;210;32m▄[48;2;255;215;47m[38;2;183;51;0m▄[48;2;255;206;31m[38;2;255;198;24m▄[48;2;0;0;0m[38;2;0;0;0m▄▄▄▄▄▄▄▄▄▄[0m
[48;2;0;0;0m[38;2;0;0;0m▄▄▄▄▄▄[48;2;213;120;9m[38;2;166;43;0m▄[48;2;255;224;58m[38;2;173;46;0m▄[48;2;255;222;55m[38;2;255;211;32m▄[48;2;255;219;50m[38;2;255;206;34m▄[48;2;255;212;40m[38;2;255;211;47m▄[48;2;161;41;0m[38;2;255;202;27m▄[48;2;255;207;39m[38;2;239;159;21m▄[48;2;255;218;54m[38;2;255;206;42m▄[48;2;255;216;47m[38;2;0;0;0m▄[48;2;255;215;46m[38;2;169;46;0m▄[48;2;255;214;49m[38;2;255;200;36m▄[48;2;255;213;42m[38;2;255;199;26m▄[48;2;175;48;0m[38;2;176;49;0m▄[48;2;255;209;45m[38;2;255;197;34m▄[48;2;170;46;0m[38;2;255;194;29m▄[48;2;171;46;0m[38;2;255;193;28m▄[48;2;174;49;0m[38;2;255;193;24m▄[48;2;176;48;0m[38;2;179;50;0m▄[48;2;255;202;39m[38;2;255;192;24m▄[48;2;255;198;31m[38;2;255;194;24m▄[48;2;255;198;32m[38;2;255;195;23m▄[48;2;244;178;22m[38;2;255;195;15m▄[48;2;255;204;38m[38;2;0;0;0m▄[48;2;255;210;44m▄[48;2;255;215;46m▄[48;2;255;217;45m▄[48;2;0;0;0m▄[48;2;255;213;34m▄[48;2;255;219;41m▄[48;2;0;0;0m▄▄▄▄▄▄▄▄▄▄▄▄▄▄▄▄[0m
[48;2;0;0;0m[38;2;0;0;0m▄▄▄▄▄▄[48;2;254;195;21m▄[48;2;255;200;33m[38;2;255;191;21m▄[48;2;169;47;0m[38;2;255;189;23m▄[48;2;179;51;0m[38;2;255;190;21m▄[48;2;255;198;33m[38;2;255;194;16m▄[48;2;255;197;11m[38;2;0;0;0m▄[48;2;217;123;12m▄[48;2;255;194;30m▄[48;2;0;0;0m▄[48;2;174;46;0m▄[48;2;255;192;21m▄[48;2;255;195;16m▄[48;2;187;51;0m▄[48;2;255;193;20m▄[48;2;0;0;0m▄▄▄▄▄▄▄▄▄▄▄▄▄▄▄▄▄▄▄▄▄▄▄▄▄▄▄▄▄▄▄[0m
[48;2;0;0;0m[38;2;0;0;0m▄▄▄▄▄▄▄▄▄▄▄▄▄▄▄▄▄▄▄▄▄▄▄▄▄▄▄▄▄▄▄▄▄▄▄▄▄▄▄▄▄▄▄▄▄▄▄▄▄▄▄[0m
[48;2;0;0;0m[38;2;0;0;0m▄▄▄▄▄▄▄▄▄▄▄▄▄▄▄▄▄▄▄▄▄▄▄▄▄▄▄▄▄▄▄▄▄▄▄▄▄▄▄▄▄▄▄▄▄▄▄▄▄▄▄[0m
[48;2;0;0;0m[38;2;0;0;0m▄▄▄▄▄▄▄▄▄▄▄▄▄▄▄▄▄▄▄▄▄▄▄▄▄▄▄▄▄▄▄▄▄▄▄▄▄▄▄▄▄▄▄▄▄▄▄▄▄▄▄[0m
[48;2;0;0;0m[38;2;0;0;0m▄▄▄▄▄▄▄▄▄▄▄▄▄▄▄▄▄▄▄▄▄▄▄▄▄▄▄▄▄▄▄▄▄▄▄▄▄▄▄▄▄▄▄▄▄▄▄▄▄▄▄[0m
[48;2;0;0;0m[38;2;0;0;0m▄▄▄▄▄▄▄▄▄▄▄▄▄▄▄▄▄▄▄▄▄▄▄▄▄▄▄▄▄▄▄▄▄▄▄▄▄▄▄▄▄▄▄▄▄▄▄▄▄▄▄[0m
