[48;2;0;0;0m[38;2;0;0;0m▄▄▄▄▄▄▄▄▄▄▄▄▄▄▄▄▄▄▄▄▄▄▄▄▄▄▄▄▄▄▄▄▄▄▄▄▄▄▄▄▄▄▄▄▄▄▄▄▄▄▄[0m
[48;2;0;0;0m[38;2;0;0;0m▄▄▄▄▄▄▄▄▄▄▄▄▄▄▄▄▄▄▄▄▄▄▄▄▄▄▄▄▄▄▄▄▄▄▄▄▄▄▄▄▄▄▄▄▄▄▄▄▄▄▄[0m
[48;2;0;0;0m[38;2;0;0;0m▄▄▄▄▄▄▄▄▄▄▄▄▄▄▄▄▄▄▄▄▄▄▄▄▄▄▄▄▄▄▄▄▄▄▄▄▄▄▄▄▄▄▄▄▄▄▄▄▄▄▄[0m
[48;2;0;0;0m[38;2;0;0;0m▄▄▄▄▄▄▄▄▄▄▄▄▄▄▄▄▄▄▄▄▄▄▄▄▄▄▄▄▄▄▄▄▄▄▄▄▄▄▄▄▄▄▄▄▄▄▄▄▄▄▄[0m
[48;2;0;0;0m[38;2;0;0;0m▄▄▄▄▄▄▄▄▄▄▄▄▄▄▄▄▄▄▄▄▄▄▄▄▄▄▄▄▄▄▄▄▄▄▄▄▄▄▄▄▄▄▄▄▄▄▄▄▄▄▄[0m
[48;2;0;0;0m[38;2;0;0;0m▄▄▄▄▄▄▄▄▄[38;2;254;213;43m▄[38;2;236;169;23m▄[38;2;101;18;0m▄[38;2;83;11;0m▄[38;2;98;19;0m▄[38;2;95;15;0m▄[38;2;0;0;0m▄[38;2;93;13;0m▄[38;2;95;16;0m▄[38;2;65;9;0m▄[38;2;88;15;0m▄[38;2;91;13;0m▄[38;2;88;11;0m▄[38;2;0;0;0m▄▄▄▄▄▄▄▄▄▄▄▄▄▄▄▄▄▄▄▄▄▄▄▄▄▄▄▄▄[0m
[48;2;0;0;0m[38;2;0;0;0m▄▄▄▄▄▄▄▄[48;2;255;228;59m[38;2;255;212;31m▄[48;2;236;190;33m[38;2;255;225;58m▄[48;2;249;205;38m[38;2;255;221;51m▄[48;2;255;232;62m[38;2;108;21;0m▄[48;2;100;17;0m[38;2;95;15;0m▄[48;2;255;247;77m[38;2;255;240;72m▄[48;2;106;19;0m[38;2;205;109;3m▄[48;2;0;0;0m[38;2;100;16;0m▄[48;2;255;250;79m[38;2;255;251;82m▄[48;2;249;167;21m[38;2;255;203;29m▄[48;2;184;115;11m[38;2;185;120;15m▄[48;2;255;250;80m[38;2;255;251;81m▄[48;2;255;251;81m[38;2;104;19;0m▄[48;2;255;250;79m[38;2;105;23;0m▄[48;2;255;249;79m[38;2;255;197;8m▄[48;2;92;10;0m[38;2;0;0;0m▄[48;2;255;250;80m[38;2;255;251;83m▄[48;2;98;16;0m[38;2;100;17;0m▄[48;2;0;0;0m[38;2;0;0;0m▄▄[48;2;255;197;11m[38;2;255;208;20m▄[48;2;119;43;5m[38;2;255;236;70m▄[48;2;91;15;0m[38;2;94;16;0m▄[48;2;0;0;0m[38;2;0;0;0m▄▄[38;2;255;185;18m▄[48;2;95;16;0m[38;2;255;233;67m▄[48;2;82;13;0m[38;2;95;18;0m▄[48;2;0;0;0m[38;2;0;0;0m▄[48;2;86;15;0m[38;2;255;228;58m▄[48;2;87;15;0m[38;2;255;230;59m▄[48;2;0;0;0m[38;2;0;0;0m▄[48;2;78;0;0m[38;2;255;228;57m▄[48;2;0;0;0m[38;2;254;225;52m▄[38;2;0;0;0m▄[38;2;147;61;0m▄[38;2;252;215;49m▄[38;2;234;169;6m▄[38;2;0;0;0m▄▄▄▄▄[0m
[48;2;0;0;0m[38;2;0;0;0m▄▄▄▄▄▄▄▄[48;2;92;20;0m[38;2;255;198;24m▄[48;2;108;23;0m[38;2;255;196;29m▄[48;2;255;212;42m[38;2;151;73;8m▄[48;2;255;218;52m[38;2;255;205;40m▄[48;2;110;22;0m[38;2;104;20;0m▄[48;2;255;230;64m[38;2;255;215;49m▄[48;2;255;237;68m[38;2;226;169;30m▄[48;2;255;247;78m[38;2;79;11;0m▄[48;2;255;250;82m[38;2;255;238;69m▄[48;2;255;233;46m[38;2;255;236;59m▄[48;2;97;12;0m[38;2;97;12;0m▄[48;2;255;252;83m[38;2;255;251;83m▄[48;2;255;248;77m[38;2;103;18;0m▄[48;2;255;251;81m[38;2;89;14;0m▄[48;2;253;169;9m[38;2;87;12;0m▄[48;2;0;0;0m[38;2;0;0;0m▄[48;2;255;248;81m[38;2;255;237;70m▄[48;2;99;17;0m[38;2;101;18;0m▄[48;2;0;0;0m[38;2;0;0;0m▄▄[48;2;255;214;26m[38;2;255;214;33m▄[48;2;255;230;64m[38;2;255;220;54m▄[48;2;93;15;0m[38;2;93;15;0m▄[48;2;0;0;0m[38;2;0;0;0m▄▄[48;2;255;206;28m[38;2;255;211;33m▄[48;2;255;230;64m[38;2;255;221;55m▄[48;2;91;17;0m[38;2;90;15;0m▄[48;2;0;0;0m[38;2;0;0;0m▄[48;2;255;226;60m[38;2;255;219;52m▄[48;2;255;227;59m[38;2;255;221;53m▄[48;2;0;0;0m[38;2;0;0;0m▄[48;2;255;203;23m▄[48;2;255;231;65m[38;2;255;221;52m▄[48;2;99;17;0m[38;2;255;225;58m▄[48;2;255;229;62m[38;2;255;224;57m▄[48;2;255;227;57m[38;2;0;0;0m▄[48;2;0;0;0m▄▄▄▄▄▄[0m
[48;2;0;0;0m[38;2;0;0;0m▄▄▄▄▄▄▄▄▄▄[48;2;255;192;24m▄[48;2;255;188;11m▄[48;2;0;0;0m▄[48;2;255;200;30m▄[48;2;227;170;25m▄[48;2;0;0;0m▄[48;2;255;219;48m▄[48;2;255;223;50m▄[48;2;93;13;0m▄[48;2;255;240;73m▄[48;2;255;236;68m▄[48;2;255;233;65m[38;2;255;255;0m▄[48;2;255;226;57m[38;2;255;212;30m▄[48;2;99;16;0m[38;2;0;0;0m▄[48;2;255;222;57m[38;2;255;209;36m▄[48;2;255;210;42m[38;2;255;203;33m▄[48;2;255;207;38m[38;2;255;201;33m▄[48;2;252;183;21m[38;2;254;192;23m▄[48;2;255;208;33m[38;2;255;189;18m▄[48;2;255;206;43m[38;2;255;195;29m▄[48;2;107;21;0m[38;2;255;194;29m▄[48;2;97;17;0m[38;2;255;194;28m▄[48;2;98;17;0m[38;2;254;190;22m▄[48;2;255;200;28m[38;2;0;0;0m▄[48;2;255;207;43m[38;2;255;196;27m▄[48;2;100;17;0m[38;2;255;194;28m▄[48;2;85;0;0m[38;2;255;194;27m▄[48;2;255;209;42m[38;2;255;197;33m▄[48;2;255;209;41m[38;2;250;186;20m▄[48;2;0;0;0m[38;2;0;0;0m▄[38;2;255;197;28m▄[48;2;255;210;43m[38;2;255;201;35m▄[48;2;255;215;50m[38;2;255;127;0m▄[48;2;255;212;43m[38;2;255;203;38m▄[48;2;87;13;0m[38;2;217;142;14m▄[48;2;0;0;0m[38;2;0;0;0m▄▄▄▄▄▄[0m
[48;2;0;0;0m[38;2;0;0;0m▄▄▄▄▄▄▄▄▄▄▄▄▄▄▄▄▄▄▄▄▄▄▄▄▄▄▄▄▄▄▄▄▄▄▄[48;2;255;188;18m▄[48;2;255;188;19m▄[48;2;255;185;0m▄[48;2;0;0;0m▄[48;2;254;188;7m▄[48;2;255;191;23m▄[48;2;252;181;14m▄[48;2;0;0;0m▄[48;2;255;191;20m▄[48;2;255;191;23m▄[48;2;94;17;0m▄[48;2;0;0;0m▄▄▄▄▄[0m
[48;2;0;0;0m[38;2;0;0;0m▄▄▄▄▄▄▄▄▄▄▄▄▄▄▄▄▄▄▄▄▄▄▄▄▄▄▄▄▄▄▄▄▄▄▄▄▄▄▄▄▄▄▄▄▄▄▄▄▄▄▄[0m
[48;2;0;0;0m[38;2;0;0;0m▄▄▄▄▄▄▄▄▄▄▄▄▄▄▄▄▄▄▄▄▄▄▄▄▄▄▄▄▄▄▄▄▄▄▄▄▄▄▄▄▄▄▄▄▄▄▄▄▄▄▄[0m
[48;2;0;0;0m[38;2;0;0;0m▄▄▄▄▄▄▄▄▄▄▄▄▄▄▄▄▄▄▄▄▄▄▄▄▄▄▄▄▄▄▄▄▄▄▄▄▄▄▄▄▄▄▄▄▄▄▄▄▄▄▄[0m
[48;2;0;0;0m[38;2;0;0;0m▄▄▄▄▄▄▄▄▄▄▄▄▄▄▄▄▄▄▄▄▄▄▄▄▄▄▄▄▄▄▄▄▄▄▄▄▄▄▄▄▄▄▄▄▄▄▄▄▄▄▄[0m
[48;2;0;0;0m[38;2;0;0;0m▄▄▄▄▄▄▄▄▄▄▄▄▄▄▄▄▄▄▄▄▄▄▄▄▄▄▄▄▄▄▄▄▄▄▄▄▄▄▄▄▄▄▄▄▄▄▄▄▄▄▄[0m
