[48;2;0;0;0m[38;2;0;0;0m▄▄▄▄▄▄▄▄▄▄▄▄▄▄▄▄▄▄▄▄▄▄▄▄▄▄▄▄▄▄▄▄▄▄▄▄▄▄▄▄▄▄▄▄▄▄▄▄▄▄▄[0m
[48;2;0;0;0m[38;2;0;0;0m▄▄▄▄▄▄▄▄▄▄▄▄▄▄▄▄▄▄▄▄▄▄▄▄▄▄▄▄▄▄▄▄▄▄▄▄▄▄▄▄▄▄▄▄▄▄▄▄▄▄▄[0m
[48;2;0;0;0m[38;2;0;0;0m▄▄▄▄▄▄▄▄▄▄▄▄▄▄▄▄▄▄▄▄▄▄▄▄▄▄▄▄▄▄▄▄▄▄▄▄▄▄▄▄▄▄▄▄▄▄▄▄▄▄▄[0m
[48;2;0;0;0m[38;2;0;0;0m▄▄▄▄▄▄▄▄▄▄▄▄▄▄▄▄▄▄▄▄▄▄▄▄▄▄▄▄▄▄▄▄▄▄▄▄▄▄▄▄▄▄▄▄▄▄▄▄▄▄▄[0m
[48;2;0;0;0m[38;2;0;0;0m▄▄▄▄▄▄▄▄▄▄▄▄▄▄▄▄▄▄▄▄▄▄▄▄▄▄▄▄▄▄▄▄▄▄▄▄▄▄▄▄▄▄▄▄▄▄▄▄▄▄▄[0m
[48;2;0;0;0m[38;2;0;0;0m▄▄▄▄▄▄▄▄▄▄[38;2;255;238;66m▄[38;2;255;245;74m▄[48;2;170;42;0m[38;2;254;233;57m▄[48;2;0;0;0m[38;2;174;48;0m▄[38;2;255;246;74m▄[38;2;177;49;0m▄[38;2;162;43;0m▄[38;2;192;69;0m▄[38;2;174;48;0m▄[38;2;174;47;0m▄[38;2;172;47;0m▄[38;2;171;46;0m▄[38;2;170;43;0m▄[38;2;166;44;0m▄[38;2;0;0;0m▄▄▄▄▄▄▄▄▄▄▄▄▄▄▄▄▄▄▄▄▄▄▄▄▄▄▄[0m
[48;2;0;0;0m[38;2;0;0;0m▄▄▄▄▄▄▄▄▄▄[48;2;255;235;68m[38;2;255;215;27m▄[48;2;186;55;0m[38;2;255;233;65m▄[48;2;246;202;31m[38;2;255;236;66m▄[48;2;175;50;0m[38;2;180;50;0m▄[48;2;255;250;80m[38;2;255;251;82m▄[48;2;182;51;0m[38;2;255;249;80m▄[48;2;165;45;0m[38;2;255;248;77m▄[48;2;255;251;81m[38;2;255;251;82m▄[48;2;181;52;0m[38;2;179;50;0m▄[48;2;255;250;79m[38;2;255;249;79m▄[48;2;255;250;81m[38;2;234;140;6m▄[38;2;174;49;0m▄[48;2;255;247;75m[38;2;171;46;0m▄[48;2;175;48;0m[38;2;167;46;0m▄[48;2;255;237;63m[38;2;255;238;70m▄[48;2;177;49;0m[38;2;180;51;0m▄[48;2;0;0;0m[38;2;0;0;0m▄▄[48;2;228;135;5m[38;2;255;225;50m▄[48;2;174;48;0m[38;2;255;232;63m▄[48;2;166;44;0m[38;2;169;45;0m▄[48;2;0;0;0m[38;2;0;0;0m▄▄[38;2;255;228;58m▄[48;2;170;42;0m▄[48;2;0;0;0m[38;2;169;45;0m▄[38;2;0;0;0m▄[38;2;245;198;39m▄[38;2;173;48;0m▄[38;2;169;46;0m▄[38;2;172;47;0m▄[38;2;169;45;0m▄[38;2;0;0;0m▄▄[38;2;170;46;0m▄[38;2;0;0;0m▄▄▄▄▄▄[0m
[48;2;0;0;0m[38;2;0;0;0m▄▄▄▄▄▄▄▄▄▄[48;2;255;205;37m[38;2;255;198;24m▄[48;2;181;51;0m[38;2;255;200;31m▄[48;2;255;227;60m[38;2;255;209;40m▄[48;2;182;51;0m[38;2;180;51;0m▄[48;2;255;246;78m[38;2;255;230;61m▄[48;2;199;75;0m[38;2;181;50;0m▄[48;2;200;113;13m[38;2;165;44;0m▄[48;2;255;251;83m[38;2;255;246;78m▄[48;2;181;51;0m[38;2;180;51;0m▄[48;2;255;249;79m[38;2;255;239;69m▄[48;2;255;249;80m[38;2;236;160;20m▄[48;2;255;240;71m[38;2;171;46;0m▄[48;2;255;233;59m[38;2;170;46;0m▄[48;2;173;47;0m[38;2;168;44;0m▄[48;2;255;231;65m[38;2;255;219;53m▄[48;2;180;51;0m[38;2;181;52;0m▄[48;2;0;0;0m[38;2;0;0;0m▄▄[48;2;255;220;50m[38;2;255;213;45m▄[48;2;255;225;59m[38;2;255;216;50m▄[48;2;169;45;0m[38;2;171;46;0m▄[48;2;0;0;0m[38;2;0;0;0m▄▄[48;2;255;228;61m[38;2;255;219;51m▄[48;2;255;228;59m[38;2;255;219;52m▄[48;2;168;45;0m[38;2;168;45;0m▄[48;2;0;0;0m[38;2;0;0;0m▄[48;2;255;233;67m[38;2;255;227;61m▄[48;2;177;50;0m[38;2;173;47;0m▄[48;2;0;0;0m[38;2;0;0;0m▄[48;2;255;233;66m[38;2;255;216;40m▄[48;2;228;148;15m[38;2;255;226;59m▄[48;2;167;44;0m[38;2;255;222;52m▄[48;2;255;230;61m[38;2;255;230;62m▄[48;2;255;225;52m[38;2;171;48;0m▄[48;2;0;0;0m[38;2;0;0;0m▄▄▄▄▄▄[0m
[48;2;0;0;0m[38;2;0;0;0m▄▄▄▄▄▄▄▄▄▄▄▄▄▄▄▄▄[48;2;255;229;57m▄[48;2;180;50;0m▄[48;2;255;222;51m▄[48;2;255;220;52m▄[48;2;255;213;46m▄[48;2;255;206;37m▄[48;2;180;51;0m▄[48;2;255;204;41m[38;2;255;195;23m▄[48;2;255;198;32m[38;2;255;194;25m▄[48;2;255;196;29m[38;2;255;193;26m▄[48;2;181;58;1m[38;2;254;185;19m▄[48;2;255;200;36m[38;2;255;192;24m▄[48;2;255;203;39m[38;2;255;194;29m▄[48;2;175;48;0m▄[48;2;171;46;0m▄[48;2;169;45;0m[38;2;177;49;0m▄[48;2;255;210;42m[38;2;255;198;25m▄[48;2;255;209;43m[38;2;255;199;34m▄[48;2;168;45;0m[38;2;178;50;0m▄[48;2;0;0;0m[38;2;254;198;29m▄[48;2;255;217;52m[38;2;255;205;40m▄[48;2;173;47;0m[38;2;174;49;0m▄[48;2;0;0;0m[38;2;0;0;0m▄[38;2;255;203;33m▄[48;2;255;221;56m[38;2;255;210;44m▄[48;2;255;222;57m[38;2;255;212;47m▄[48;2;201;104;10m[38;2;246;185;27m▄[48;2;0;0;0m[38;2;166;44;0m▄[38;2;0;0;0m▄▄▄▄▄▄[0m
[48;2;0;0;0m[38;2;0;0;0m▄▄▄▄▄▄▄▄▄▄▄▄▄▄▄▄▄▄▄▄▄▄▄▄▄▄▄▄▄▄▄[48;2;255;193;20m▄[48;2;175;47;0m▄[48;2;0;0;0m▄[48;2;255;191;19m▄[48;2;255;191;24m▄[48;2;255;192;25m▄[48;2;254;191;19m▄[48;2;0;0;0m▄[48;2;255;190;17m▄[48;2;255;196;32m[38;2;255;188;16m▄[48;2;213;119;10m[38;2;0;0;0m▄[48;2;255;198;23m▄[48;2;255;199;34m[38;2;255;192;22m▄[48;2;175;49;0m[38;2;255;190;14m▄[48;2;0;0;0m[38;2;170;45;0m▄[38;2;0;0;0m▄▄▄▄▄[0m
[48;2;0;0;0m[38;2;0;0;0m▄▄▄▄▄▄▄▄▄▄▄▄▄▄▄▄▄▄▄▄▄▄▄▄▄▄▄▄▄▄▄▄▄▄▄▄▄▄▄▄▄▄▄▄▄▄▄▄▄▄▄[0m
[48;2;0;0;0m[38;2;0;0;0m▄▄▄▄▄▄▄▄▄▄▄▄▄▄▄▄▄▄▄▄▄▄▄▄▄▄▄▄▄▄▄▄▄▄▄▄▄▄▄▄▄▄▄▄▄▄▄▄▄▄▄[0m
[48;2;0;0;0m[38;2;0;0;0m▄▄▄▄▄▄▄▄▄▄▄▄▄▄▄▄▄▄▄▄▄▄▄▄▄▄▄▄▄▄▄▄▄▄▄▄▄▄▄▄▄▄▄▄▄▄▄▄▄▄▄[0m
[48;2;0;0;0m[38;2;0;0;0m▄▄▄▄▄▄▄▄▄▄▄▄▄▄▄▄▄▄▄▄▄▄▄▄▄▄▄▄▄▄▄▄▄▄▄▄▄▄▄▄▄▄▄▄▄▄▄▄▄▄▄[0m
[48;2;0;0;0m[38;2;0;0;0m▄▄▄▄▄▄▄▄▄▄▄▄▄▄▄▄▄▄▄▄▄▄▄▄▄▄▄▄▄▄▄▄▄▄▄▄▄▄▄▄▄▄▄▄▄▄▄▄▄▄▄[0m
