[48;2;0;0;0m[38;2;0;0;0m▄▄▄▄▄▄▄▄▄▄▄▄▄▄▄▄▄▄▄▄▄▄▄▄▄▄▄▄▄▄▄▄▄▄▄▄▄▄▄▄▄▄▄▄▄▄▄▄▄▄▄[0m
[48;2;0;0;0m[38;2;0;0;0m▄▄▄▄▄▄▄▄▄▄▄▄▄▄▄▄▄▄▄▄▄▄▄▄▄▄▄▄▄▄▄▄▄▄▄▄▄▄▄▄▄▄▄▄▄▄▄▄▄▄▄[0m
[48;2;0;0;0m[38;2;0;0;0m▄▄▄▄▄▄▄▄▄▄▄▄▄▄▄▄▄▄▄▄▄▄▄▄▄▄▄▄▄▄▄▄▄▄▄▄▄▄▄▄▄▄▄▄▄▄▄▄▄▄▄[0m
[48;2;0;0;0m[38;2;0;0;0m▄▄▄▄▄▄▄▄▄▄▄▄▄▄▄▄▄▄▄▄▄▄▄▄▄▄▄▄▄▄▄▄▄▄▄▄▄▄▄▄▄▄▄▄▄▄▄▄▄▄▄[0m
[48;2;0;0;0m[38;2;0;0;0m▄▄▄▄▄▄▄▄▄▄▄▄▄▄▄▄▄▄▄▄▄▄▄▄▄▄▄▄▄▄▄▄▄▄▄▄▄▄▄▄▄▄▄▄▄▄▄▄▄▄▄[0m
[48;2;0;0;0m[38;2;0;0;0m▄▄▄▄▄▄▄▄▄▄▄▄▄▄▄▄▄▄▄▄▄▄▄▄▄▄▄▄▄▄▄▄▄[38;2;191;31;0m▄[38;2;185;46;0m▄[38;2;0;0;0m▄[38;2;178;46;0m▄[38;2;182;51;0m▄[38;2;177;50;0m▄[38;2;183;52;0m▄[38;2;0;0;0m▄▄[38;2;182;51;0m▄[38;2;185;52;0m▄[38;2;0;0;0m▄▄▄▄▄▄▄[0m
[48;2;0;0;0m[38;2;0;0;0m▄▄▄▄▄▄[38;2;255;226;54m▄[48;2;183;53;0m[38;2;255;231;63m▄[48;2;184;54;0m[38;2;255;229;60m▄[48;2;183;53;0m[38;2;255;232;64m▄[48;2;0;0;0m[38;2;186;55;0m▄[38;2;0;0;0m▄[48;2;189;59;0m[38;2;255;234;68m▄[48;2;191;31;0m[38;2;176;48;0m▄[48;2;0;0;0m[38;2;0;0;0m▄[48;2;191;70;3m[38;2;255;228;60m▄[48;2;193;73;4m[38;2;255;232;64m▄[48;2;0;0;0m[38;2;0;0;0m▄[48;2;226;114;7m[38;2;255;235;68m▄[48;2;252;175;19m[38;2;255;238;68m▄[48;2;255;200;28m[38;2;255;242;73m▄[48;2;255;211;30m[38;2;255;246;77m▄[48;2;254;190;10m[38;2;255;183;12m▄[48;2;182;55;0m[38;2;181;53;0m▄[48;2;255;243;72m[38;2;255;252;84m▄[48;2;0;0;0m[38;2;0;0;0m▄▄▄[48;2;186;55;0m[38;2;185;53;0m▄[48;2;255;249;78m[38;2;255;252;84m▄[48;2;0;0;0m[38;2;0;0;0m▄▄▄[48;2;239;142;12m[38;2;252;180;20m▄[48;2;255;248;78m[38;2;255;248;79m▄[48;2;0;0;0m[38;2;0;0;0m▄[48;2;181;52;0m[38;2;183;54;0m▄[48;2;255;236;67m[38;2;255;235;69m▄[48;2;255;216;33m[38;2;255;216;33m▄[48;2;246;183;15m[38;2;170;42;0m▄[48;2;255;232;63m[38;2;255;227;59m▄[48;2;180;51;0m[38;2;255;222;52m▄[48;2;253;213;38m[38;2;255;227;60m▄[48;2;255;230;61m[38;2;255;212;0m▄[48;2;0;0;0m[38;2;0;0;0m▄▄▄▄▄▄▄[0m
[48;2;0;0;0m[38;2;0;0;0m▄▄▄▄▄▄[48;2;255;226;59m[38;2;255;199;22m▄[48;2;255;221;51m[38;2;255;218;48m▄[48;2;185;53;0m[38;2;255;218;50m▄[48;2;188;55;0m[38;2;255;217;50m▄[48;2;0;0;0m[38;2;251;192;24m▄[38;2;0;0;0m▄[48;2;255;228;63m[38;2;255;219;54m▄[48;2;227;156;28m[38;2;255;217;50m▄[48;2;227;155;28m[38;2;255;216;45m▄[48;2;255;226;58m[38;2;255;218;50m▄[48;2;255;226;60m[38;2;255;217;50m▄[48;2;0;0;0m[38;2;0;0;0m▄[48;2;255;229;61m[38;2;255;219;51m▄[48;2;255;230;63m[38;2;255;221;53m▄[48;2;228;158;29m[38;2;255;221;46m▄[48;2;229;162;30m[38;2;255;227;48m▄[48;2;238;136;0m[38;2;255;198;0m▄[48;2;180;52;0m[38;2;180;51;0m▄[48;2;255;252;84m[38;2;255;247;79m▄[48;2;0;0;0m[38;2;0;0;0m▄▄▄[48;2;181;51;0m[38;2;181;51;0m▄[48;2;255;252;84m[38;2;255;251;83m▄[48;2;0;0;0m[38;2;180;48;0m▄[38;2;183;51;0m▄[38;2;0;0;0m▄[48;2;255;218;42m[38;2;254;214;41m▄[48;2;255;239;71m[38;2;255;226;60m▄[48;2;0;0;0m[38;2;180;49;0m▄[48;2;182;52;0m[38;2;186;54;0m▄[48;2;255;227;61m[38;2;255;213;48m▄[48;2;0;0;0m[38;2;0;0;0m▄[48;2;176;47;0m[38;2;184;53;0m▄[48;2;193;67;2m[38;2;255;205;38m▄[48;2;255;221;56m[38;2;255;205;34m▄[48;2;255;215;45m[38;2;255;206;40m▄[48;2;0;0;0m[38;2;255;207;15m▄[38;2;0;0;0m▄▄▄▄▄▄▄[0m
[48;2;0;0;0m[38;2;0;0;0m▄▄▄▄▄▄[48;2;255;202;29m[38;2;255;194;20m▄[48;2;231;145;13m[38;2;255;193;27m▄[48;2;178;51;0m[38;2;255;190;24m▄[48;2;255;204;36m[38;2;255;193;27m▄[48;2;255;205;36m[38;2;255;190;17m▄[48;2;0;0;0m[38;2;0;0;0m▄[48;2;255;205;42m[38;2;255;192;26m▄[48;2;250;187;26m[38;2;234;154;14m▄[48;2;0;0;0m[38;2;0;0;0m▄[48;2;255;199;32m[38;2;255;190;20m▄[48;2;255;204;40m[38;2;255;193;25m▄[48;2;0;0;0m[38;2;0;0;0m▄[48;2;255;204;38m[38;2;255;191;23m▄[48;2;255;207;41m[38;2;255;198;29m▄[48;2;192;65;2m[38;2;255;200;31m▄[48;2;198;73;2m[38;2;255;201;33m▄[48;2;249;171;16m[38;2;255;200;31m▄[48;2;180;52;0m[38;2;190;56;0m▄[48;2;255;232;67m[38;2;255;218;44m▄[48;2;255;229;60m[38;2;255;218;45m▄[48;2;255;236;67m[38;2;255;226;52m▄[48;2;255;235;65m[38;2;255;212;35m▄[48;2;182;52;0m[38;2;203;95;3m▄[48;2;255;242;75m[38;2;255;215;36m▄[48;2;255;233;65m[38;2;255;222;43m▄[48;2;255;228;59m[38;2;255;217;43m▄[48;2;255;214;38m[38;2;255;214;26m▄[48;2;193;61;0m[38;2;0;0;0m▄[48;2;255;211;44m▄[48;2;255;203;37m[38;2;255;201;13m▄[48;2;255;200;34m[38;2;0;0;0m▄[48;2;255;200;29m▄[48;2;180;50;0m▄[48;2;255;192;21m▄[48;2;255;195;26m▄[48;2;0;0;0m▄[48;2;255;192;24m▄[48;2;255;193;22m▄[48;2;0;0;0m▄▄▄▄▄▄▄[0m
[48;2;0;0;0m[38;2;0;0;0m▄▄▄▄▄▄▄▄▄▄▄▄▄▄▄▄▄▄▄▄▄▄▄▄▄▄▄▄▄▄▄▄▄▄▄▄▄▄▄▄▄▄▄▄▄▄▄▄▄▄▄[0m
[48;2;0;0;0m[38;2;0;0;0m▄▄▄▄▄▄▄▄▄▄▄▄▄▄▄▄▄▄▄▄▄▄▄▄▄▄▄▄▄▄▄▄▄▄▄▄▄▄▄▄▄▄▄▄▄▄▄▄▄▄▄[0m
[48;2;0;0;0m[38;2;0;0;0m▄▄▄▄▄▄▄▄▄▄▄▄▄▄▄▄▄▄▄▄▄▄▄▄▄▄▄▄▄▄▄▄▄▄▄▄▄▄▄▄▄▄▄▄▄▄▄▄▄▄▄[0m
[48;2;0;0;0m[38;2;0;0;0m▄▄▄▄▄▄▄▄▄▄▄▄▄▄▄▄▄▄▄▄▄▄▄▄▄▄▄▄▄▄▄▄▄▄▄▄▄▄▄▄▄▄▄▄▄▄▄▄▄▄▄[0m
[48;2;0;0;0m[38;2;0;0;0m▄▄▄▄▄▄▄▄▄▄▄▄▄▄▄▄▄▄▄▄▄▄▄▄▄▄▄▄▄▄▄▄▄▄▄▄▄▄▄▄▄▄▄▄▄▄▄▄▄▄▄[0m
[48;2;0;0;0m[38;2;0;0;0m▄▄▄▄▄▄▄▄▄▄▄▄▄▄▄▄▄▄▄▄▄▄▄▄▄▄▄▄▄▄▄▄▄▄▄▄▄▄▄▄▄▄▄▄▄▄▄▄▄▄▄[0m
