[48;2;0;0;0m[38;2;0;0;0m▄▄▄▄▄▄▄▄▄▄▄▄▄▄▄▄▄▄▄▄▄▄▄▄▄▄▄▄▄▄▄▄▄▄▄▄▄▄▄▄▄▄▄▄▄▄▄▄▄▄▄[0m
[48;2;0;0;0m[38;2;0;0;0m▄▄▄▄▄▄▄▄▄▄▄▄▄▄▄▄▄▄▄▄▄▄▄▄▄▄▄▄▄▄▄▄▄▄▄▄▄▄▄▄▄▄▄▄▄▄▄▄▄▄▄[0m
[48;2;0;0;0m[38;2;0;0;0m▄▄▄▄▄▄▄▄▄▄▄▄▄▄▄▄▄▄▄▄▄▄▄▄▄▄▄▄▄▄▄▄▄▄▄▄▄▄▄▄▄▄▄▄▄▄▄▄▄▄▄[0m
[48;2;0;0;0m[38;2;0;0;0m▄▄▄▄▄▄▄▄▄▄▄▄▄▄▄▄▄▄▄▄▄▄▄▄▄▄▄▄▄▄▄▄▄▄▄▄▄▄▄▄▄▄▄▄▄▄▄▄▄▄▄[0m
[48;2;0;0;0m[38;2;0;0;0m▄▄▄▄▄▄▄▄▄▄▄▄▄▄▄▄▄▄▄▄▄▄▄▄▄▄▄▄▄▄▄▄▄▄▄▄▄▄▄▄▄▄▄▄▄▄▄▄▄▄▄[0m
[48;2;0;0;0m[38;2;0;0;0m▄▄▄▄▄▄▄▄▄▄▄▄▄▄▄▄▄▄▄▄▄▄▄▄▄▄▄▄▄▄▄▄[38;2;64;8;0m▄[38;2;88;13;0m▄[38;2;0;0;0m▄[38;2;66;4;0m▄[38;2;93;16;0m▄[38;2;96;17;0m▄[38;2;93;15;0m▄[38;2;98;18;0m▄[38;2;72;0;0m▄[38;2;97;16;0m▄[38;2;159;97;18m▄[38;2;210;130;3m▄[38;2;0;0;0m▄▄▄▄▄▄▄[0m
[48;2;0;0;0m[38;2;0;0;0m▄▄▄▄▄▄[38;2;162;91;8m▄[48;2;79;0;0m[38;2;255;229;60m▄[48;2;82;8;0m[38;2;255;230;61m▄[48;2;0;0;0m[38;2;255;227;56m▄[38;2;0;0;0m▄[48;2;71;10;0m[38;2;67;8;0m▄[48;2;91;15;0m[38;2;255;233;67m▄[48;2;0;0;0m[38;2;255;191;31m▄[38;2;0;0;0m▄[48;2;95;17;0m[38;2;255;230;62m▄[48;2;92;16;0m[38;2;255;232;65m▄[48;2;0;0;0m[38;2;0;0;0m▄[48;2;98;18;0m[38;2;255;232;63m▄[48;2;106;26;0m[38;2;255;233;67m▄[48;2;116;39;4m[38;2;255;233;66m▄[48;2;138;57;6m[38;2;255;235;65m▄[48;2;243;165;11m[38;2;255;214;33m▄[48;2;95;15;0m[38;2;95;14;0m▄[48;2;255;240;63m[38;2;255;248;81m▄[48;2;0;0;0m[38;2;0;0;0m▄▄▄[48;2;203;95;0m[38;2;224;106;0m▄[48;2;255;251;82m[38;2;255;252;84m▄[48;2;0;0;0m[38;2;0;0;0m▄▄[48;2;86;13;0m[38;2;86;13;0m▄[48;2;255;249;77m[38;2;255;250;80m▄[48;2;255;246;75m[38;2;255;248;76m▄[48;2;79;12;0m[38;2;79;12;0m▄[48;2;222;185;41m[38;2;249;211;53m▄[48;2;255;242;72m[38;2;255;238;68m▄[48;2;89;13;0m[38;2;0;0;0m▄[48;2;255;234;66m[38;2;102;18;0m▄[48;2;255;225;54m[38;2;255;228;62m▄[48;2;247;204;36m[38;2;255;226;59m▄[48;2;255;229;60m[38;2;0;0;0m▄[48;2;0;0;0m▄▄▄▄▄▄▄▄[0m
[48;2;0;0;0m[38;2;0;0;0m▄▄▄▄▄▄[48;2;255;231;64m[38;2;255;220;51m▄[48;2;149;73;6m[38;2;255;224;57m▄[48;2;94;16;0m[38;2;255;219;51m▄[48;2;255;228;59m[38;2;255;214;42m▄[48;2;255;201;17m[38;2;81;13;0m▄[48;2;59;10;0m[38;2;83;16;0m▄[48;2;255;230;65m[38;2;255;222;57m▄[48;2;157;65;0m[38;2;255;221;55m▄[48;2;90;14;0m[38;2;255;220;53m▄[48;2;255;223;54m[38;2;255;220;54m▄[48;2;255;228;62m[38;2;255;220;53m▄[48;2;0;0;0m[38;2;0;0;0m▄[48;2;255;227;58m[38;2;255;218;49m▄[48;2;255;225;59m[38;2;255;219;52m▄[48;2;100;16;0m[38;2;255;217;42m▄[48;2;178;87;3m[38;2;255;220;49m▄[48;2;255;175;17m[38;2;255;184;12m▄[48;2;94;14;0m[38;2;94;15;0m▄[48;2;255;242;75m[38;2;255;232;66m▄[48;2;0;0;0m[38;2;0;0;0m▄▄▄[48;2;240;125;1m[38;2;253;144;2m▄[48;2;255;252;83m[38;2;255;251;83m▄[48;2;0;0;0m[38;2;88;14;0m▄[38;2;90;14;0m▄[48;2;87;13;0m[38;2;89;13;0m▄[48;2;255;251;82m[38;2;255;240;71m▄[48;2;255;247;78m[38;2;255;234;65m▄[48;2;83;12;0m[38;2;100;17;0m▄[48;2;255;221;54m[38;2;255;216;49m▄[48;2;255;230;61m[38;2;255;213;44m▄[48;2;79;10;0m[38;2;99;17;0m▄[48;2;106;20;0m[38;2;255;201;34m▄[48;2;255;217;50m[38;2;251;196;30m▄[48;2;255;215;49m[38;2;255;200;33m▄[48;2;0;0;0m[38;2;255;196;27m▄[38;2;0;0;0m▄▄▄▄▄▄▄▄[0m
[48;2;0;0;0m[38;2;0;0;0m▄▄▄▄▄▄[48;2;95;15;0m[38;2;255;200;32m▄[48;2;99;11;0m[38;2;254;195;26m▄[48;2;255;209;34m[38;2;101;18;0m▄[48;2;255;212;46m[38;2;255;197;32m▄[48;2;255;208;39m[38;2;255;196;25m▄[48;2;48;6;0m[38;2;0;0;0m▄[48;2;255;209;45m[38;2;255;197;34m▄[48;2;255;203;32m[38;2;255;194;23m▄[48;2;0;0;0m[38;2;0;0;0m▄[48;2;255;205;35m[38;2;255;195;25m▄[48;2;255;207;43m[38;2;255;195;30m▄[48;2;0;0;0m[38;2;0;0;0m▄[48;2;255;205;39m[38;2;255;195;26m▄[48;2;255;206;39m[38;2;255;193;29m▄[48;2;99;18;0m[38;2;255;195;28m▄[48;2;101;19;0m▄[48;2;105;28;1m[38;2;255;196;22m▄[48;2;93;15;0m[38;2;89;16;0m▄[48;2;255;217;52m[38;2;255;204;35m▄[48;2;255;214;45m[38;2;255;206;36m▄[48;2;255;222;53m[38;2;255;213;41m▄[48;2;255;220;48m[38;2;255;206;24m▄[48;2;255;175;15m[38;2;255;200;21m▄[48;2;255;240;73m[38;2;255;214;26m▄[48;2;255;239;70m[38;2;0;0;0m▄[48;2;255;237;68m▄[48;2;255;199;27m▄[48;2;123;48;1m▄[48;2;255;219;52m▄[48;2;255;213;45m▄[48;2;255;205;36m▄[48;2;0;0;0m▄[48;2;177;103;7m▄[48;2;255;193;24m▄[48;2;0;0;0m▄▄[48;2;255;192;21m▄[48;2;255;195;7m▄[48;2;0;0;0m▄▄▄▄▄▄▄[0m
[48;2;0;0;0m[38;2;0;0;0m▄▄▄▄▄▄[48;2;255;191;16m▄[48;2;255;189;21m▄▄[48;2;255;190;18m▄[48;2;0;0;0m▄▄[48;2;255;190;20m▄[48;2;255;198;14m▄[48;2;0;0;0m▄▄▄▄▄▄▄▄▄▄▄▄▄▄▄▄▄▄▄▄▄▄▄▄▄▄▄▄▄▄▄▄▄▄▄▄▄[0m
[48;2;0;0;0m[38;2;0;0;0m▄▄▄▄▄▄▄▄▄▄▄▄▄▄▄▄▄▄▄▄▄▄▄▄▄▄▄▄▄▄▄▄▄▄▄▄▄▄▄▄▄▄▄▄▄▄▄▄▄▄▄[0m
[48;2;0;0;0m[38;2;0;0;0m▄▄▄▄▄▄▄▄▄▄▄▄▄▄▄▄▄▄▄▄▄▄▄▄▄▄▄▄▄▄▄▄▄▄▄▄▄▄▄▄▄▄▄▄▄▄▄▄▄▄▄[0m
[48;2;0;0;0m[38;2;0;0;0m▄▄▄▄▄▄▄▄▄▄▄▄▄▄▄▄▄▄▄▄▄▄▄▄▄▄▄▄▄▄▄▄▄▄▄▄▄▄▄▄▄▄▄▄▄▄▄▄▄▄▄[0m
[48;2;0;0;0m[38;2;0;0;0m▄▄▄▄▄▄▄▄▄▄▄▄▄▄▄▄▄▄▄▄▄▄▄▄▄▄▄▄▄▄▄▄▄▄▄▄▄▄▄▄▄▄▄▄▄▄▄▄▄▄▄[0m
[48;2;0;0;0m[38;2;0;0;0m▄▄▄▄▄▄▄▄▄▄▄▄▄▄▄▄▄▄▄▄▄▄▄▄▄▄▄▄▄▄▄▄▄▄▄▄▄▄▄▄▄▄▄▄▄▄▄▄▄▄▄[0m
