[48;2;0;0;0m[38;2;0;0;0m▄▄▄▄▄▄▄▄▄▄▄▄▄▄▄▄▄▄▄▄▄▄▄▄▄▄▄▄▄▄▄▄▄▄▄▄▄▄▄▄▄▄▄▄▄▄▄▄▄▄▄[0m
[48;2;0;0;0m[38;2;0;0;0m▄▄▄▄▄▄▄▄▄▄▄▄▄▄▄▄▄▄▄▄▄▄▄▄▄▄▄▄▄▄▄▄▄▄▄▄▄▄▄▄▄▄▄▄▄▄▄▄▄▄▄[0m
[48;2;0;0;0m[38;2;0;0;0m▄▄▄▄▄▄▄▄▄▄▄▄▄▄▄▄▄▄▄▄▄▄▄▄▄▄▄▄▄▄▄▄▄▄▄▄▄▄▄▄▄▄▄▄▄▄▄▄▄▄▄[0m
[48;2;0;0;0m[38;2;0;0;0m▄▄▄▄▄▄▄▄▄▄▄▄▄▄▄▄▄▄▄▄▄▄▄▄▄▄▄▄▄▄▄▄▄▄▄▄▄▄▄▄▄▄▄▄▄▄▄▄▄▄▄[0m
[48;2;0;0;0m[38;2;0;0;0m▄▄▄▄▄▄▄▄▄▄▄▄▄▄▄▄▄▄▄▄▄▄▄▄▄▄▄▄▄▄▄▄▄▄▄▄▄▄▄▄▄▄▄▄▄▄▄▄▄▄▄[0m
[48;2;0;0;0m[38;2;0;0;0m▄▄▄▄▄▄▄▄▄▄▄▄▄▄▄▄▄▄▄▄▄▄▄▄▄▄▄▄▄▄▄▄[38;2;52;0;0m▄[38;2;88;13;0m▄[38;2;0;0;0m▄▄[38;2;88;14;0m▄[38;2;92;17;0m▄[38;2;86;12;0m▄[38;2;94;18;0m▄[38;2;0;0;0m▄[38;2;89;13;0m▄[38;2;97;17;0m▄[38;2;115;32;0m▄[38;2;0;0;0m▄▄▄▄▄▄▄[0m
[48;2;0;0;0m[38;2;0;0;0m▄▄▄▄▄▄[38;2;252;202;27m▄[48;2;85;12;0m[38;2;255;231;61m▄[48;2;90;15;0m[38;2;255;231;62m▄[48;2;76;8;0m[38;2;255;229;60m▄[48;2;0;0;0m[38;2;76;12;0m▄[48;2;69;10;0m[38;2;77;12;0m▄[48;2;89;14;0m[38;2;255;233;66m▄[48;2;0;0;0m[38;2;255;127;0m▄[38;2;0;0;0m▄[48;2;88;14;0m[38;2;255;231;61m▄[48;2;93;15;0m[38;2;255;232;65m▄[48;2;0;0;0m[38;2;0;0;0m▄[48;2;108;28;0m[38;2;255;232;64m▄[48;2;113;38;4m[38;2;255;234;68m▄[48;2;124;48;6m[38;2;255;235;66m▄[48;2;220;125;8m[38;2;255;235;60m▄[48;2;254;178;11m[38;2;255;216;38m▄[48;2;94;15;0m[38;2;94;15;0m▄[48;2;255;244;68m[38;2;255;252;84m▄[48;2;0;0;0m[38;2;0;0;0m▄▄▄[48;2;102;19;0m[38;2;111;25;0m▄[48;2;255;250;80m[38;2;255;252;83m▄[48;2;0;0;0m[38;2;0;0;0m▄▄[48;2;79;11;0m[38;2;85;11;0m▄[48;2;255;249;80m[38;2;255;250;82m▄[48;2;255;246;73m[38;2;255;250;80m▄[48;2;0;0;0m[38;2;0;0;0m▄[48;2;103;18;0m[38;2;142;46;0m▄[48;2;255;242;75m[38;2;255;237;69m▄[48;2;92;0;0m[38;2;0;0;0m▄[48;2;254;228;57m[38;2;92;15;0m▄[48;2;255;230;62m[38;2;255;228;61m▄[48;2;107;21;0m[38;2;255;224;57m▄[48;2;255;232;65m[38;2;254;212;34m▄[48;2;0;0;0m[38;2;0;0;0m▄▄▄▄▄▄▄▄[0m
[48;2;0;0;0m[38;2;0;0;0m▄▄▄▄▄▄[48;2;255;230;64m[38;2;255;216;43m▄[48;2;140;48;0m[38;2;255;223;56m▄[48;2;96;17;0m[38;2;255;220;53m▄[48;2;255;218;45m[38;2;255;216;46m▄[48;2;255;202;13m[38;2;92;16;0m▄[48;2;25;0;0m[38;2;0;0;0m▄[48;2;255;229;64m[38;2;255;221;56m▄[48;2;100;18;0m[38;2;255;220;53m▄[48;2;95;15;0m▄[48;2;255;224;57m[38;2;255;220;54m▄[48;2;255;227;60m[38;2;255;218;51m▄[48;2;0;0;0m[38;2;0;0;0m▄[48;2;255;225;58m[38;2;255;217;49m▄[48;2;255;228;60m[38;2;255;219;52m▄[48;2;154;58;0m[38;2;255;220;49m▄[48;2;195;139;27m[38;2;255;216;46m▄[48;2;187;136;0m[38;2;255;204;25m▄[48;2;93;14;0m[38;2;93;13;0m▄[48;2;255;247;79m[38;2;255;236;70m▄[48;2;0;0;0m[38;2;0;0;0m▄▄▄[48;2;147;50;0m[38;2;190;81;0m▄[48;2;255;252;84m[38;2;255;251;84m▄[48;2;0;0;0m[38;2;94;17;0m▄[38;2;88;14;0m▄[48;2;86;12;0m[38;2;0;0;0m▄[48;2;255;249;80m[38;2;255;237;66m▄[48;2;255;246;78m[38;2;255;232;63m▄[48;2;0;0;0m[38;2;94;14;0m▄[48;2;209;116;7m[38;2;248;197;35m▄[48;2;255;227;60m[38;2;255;213;44m▄[48;2;0;0;0m[38;2;91;12;0m▄[48;2;98;16;0m[38;2;255;198;28m▄[48;2;255;216;48m[38;2;255;205;37m▄[48;2;255;218;52m[38;2;252;198;31m▄[48;2;255;205;24m[38;2;255;199;32m▄[48;2;0;0;0m[38;2;0;0;0m▄▄▄▄▄▄▄▄[0m
[48;2;0;0;0m[38;2;0;0;0m▄▄▄▄▄▄[48;2;97;17;0m[38;2;255;199;31m▄[48;2;95;15;0m[38;2;255;195;27m▄[48;2;0;0;0m[38;2;221;147;15m▄[48;2;255;209;43m[38;2;255;196;31m▄[48;2;255;207;38m[38;2;255;195;22m▄[48;2;0;0;0m[38;2;0;0;0m▄[48;2;255;208;44m[38;2;255;195;31m▄[48;2;255;203;32m[38;2;253;190;23m▄[48;2;0;0;0m[38;2;0;0;0m▄[48;2;254;203;36m[38;2;255;195;25m▄[48;2;255;206;42m[38;2;255;194;28m▄[48;2;0;0;0m[38;2;0;0;0m▄[48;2;255;205;38m[38;2;255;195;25m▄[48;2;255;203;38m[38;2;255;195;29m▄[48;2;100;19;0m[38;2;255;194;27m▄[48;2;106;27;1m[38;2;255;198;31m▄[48;2;112;31;1m[38;2;255;194;23m▄[48;2;93;13;0m[38;2;88;15;0m▄[48;2;255;222;57m[38;2;255;208;38m▄[48;2;255;219;50m[38;2;255;210;38m▄[48;2;255;228;59m[38;2;255;217;46m▄[48;2;255;225;54m[38;2;255;211;33m▄[48;2;210;99;0m[38;2;227;119;0m▄[48;2;255;242;75m[38;2;255;222;37m▄[48;2;255;238;69m[38;2;255;214;26m▄[48;2;255;235;67m[38;2;0;0;0m▄[48;2;255;214;27m▄[48;2;104;22;0m▄[48;2;255;217;49m▄[48;2;255;209;43m▄[48;2;255;204;37m▄[48;2;255;200;25m▄[48;2;104;19;0m▄[48;2;255;193;25m▄[48;2;0;0;0m▄▄[48;2;255;190;22m▄[48;2;255;191;11m▄[48;2;0;0;0m▄▄▄▄▄▄▄[0m
[48;2;0;0;0m[38;2;0;0;0m▄▄▄▄▄▄▄[48;2;255;189;20m▄[48;2;255;189;21m▄[48;2;255;188;18m▄[48;2;0;0;0m▄▄▄▄▄▄▄▄▄▄▄▄▄▄▄▄▄▄▄▄▄▄▄▄▄▄▄▄▄▄▄▄▄▄▄▄▄▄▄▄▄[0m
[48;2;0;0;0m[38;2;0;0;0m▄▄▄▄▄▄▄▄▄▄▄▄▄▄▄▄▄▄▄▄▄▄▄▄▄▄▄▄▄▄▄▄▄▄▄▄▄▄▄▄▄▄▄▄▄▄▄▄▄▄▄[0m
[48;2;0;0;0m[38;2;0;0;0m▄▄▄▄▄▄▄▄▄▄▄▄▄▄▄▄▄▄▄▄▄▄▄▄▄▄▄▄▄▄▄▄▄▄▄▄▄▄▄▄▄▄▄▄▄▄▄▄▄▄▄[0m
[48;2;0;0;0m[38;2;0;0;0m▄▄▄▄▄▄▄▄▄▄▄▄▄▄▄▄▄▄▄▄▄▄▄▄▄▄▄▄▄▄▄▄▄▄▄▄▄▄▄▄▄▄▄▄▄▄▄▄▄▄▄[0m
[48;2;0;0;0m[38;2;0;0;0m▄▄▄▄▄▄▄▄▄▄▄▄▄▄▄▄▄▄▄▄▄▄▄▄▄▄▄▄▄▄▄▄▄▄▄▄▄▄▄▄▄▄▄▄▄▄▄▄▄▄▄[0m
[48;2;0;0;0m[38;2;0;0;0m▄▄▄▄▄▄▄▄▄▄▄▄▄▄▄▄▄▄▄▄▄▄▄▄▄▄▄▄▄▄▄▄▄▄▄▄▄▄▄▄▄▄▄▄▄▄▄▄▄▄▄[0m
