[48;2;0;0;0m[38;2;0;0;0m▄▄▄▄▄▄▄▄▄▄▄▄▄▄▄▄▄▄▄▄▄▄▄▄▄▄▄▄▄▄▄▄▄▄▄▄▄▄▄▄▄▄▄▄▄▄▄▄▄▄▄[0m
[48;2;0;0;0m[38;2;0;0;0m▄▄▄▄▄▄▄▄▄▄▄▄▄▄▄▄▄▄▄▄▄▄▄▄▄▄▄▄▄▄▄▄▄▄▄▄▄▄▄▄▄▄▄▄▄▄▄▄▄▄▄[0m
[48;2;0;0;0m[38;2;0;0;0m▄▄▄▄▄▄▄▄▄▄▄▄▄▄▄▄▄▄▄▄▄▄▄▄▄▄▄▄▄▄▄▄▄▄▄▄▄▄▄▄▄▄▄▄▄▄▄▄▄▄▄[0m
[48;2;0;0;0m[38;2;0;0;0m▄▄▄▄▄▄▄▄▄▄▄▄▄▄▄▄▄▄▄▄▄▄▄▄▄▄▄▄▄▄▄▄▄▄▄▄▄▄▄▄▄▄▄▄▄▄▄▄▄▄▄[0m
[48;2;0;0;0m[38;2;0;0;0m▄▄▄▄▄▄▄▄▄▄▄▄▄▄▄▄▄▄▄▄▄▄▄▄▄▄▄▄▄▄▄▄▄▄▄▄▄▄▄▄▄▄▄▄▄▄▄▄▄▄▄[0m
[48;2;0;0;0m[38;2;0;0;0m▄▄▄▄▄▄▄▄▄[38;2;254;214;39m▄[38;2;255;236;65m▄[38;2;254;211;35m▄[38;2;103;18;0m▄[38;2;204;134;17m▄[38;2;159;78;3m▄[38;2;93;14;0m▄[38;2;102;12;0m▄[38;2;104;21;0m▄[38;2;94;15;0m▄[38;2;102;19;0m▄[38;2;93;17;0m▄[38;2;96;16;0m▄[38;2;88;11;0m▄[38;2;0;0;0m▄▄▄▄▄▄▄▄▄▄▄▄▄▄▄▄▄▄▄▄▄▄▄▄▄▄▄▄[0m
[48;2;0;0;0m[38;2;0;0;0m▄▄▄▄▄▄▄▄▄[48;2;255;232;66m[38;2;255;216;41m▄[48;2;117;26;0m[38;2;255;227;60m▄[48;2;255;237;67m[38;2;255;225;55m▄[48;2;124;36;0m[38;2;108;21;0m▄[48;2;255;241;65m[38;2;255;226;47m▄[48;2;255;251;83m[38;2;255;250;81m▄[48;2;98;16;0m[38;2;238;216;59m▄[48;2;255;244;74m[38;2;255;244;73m▄[48;2;255;249;77m[38;2;255;250;80m▄[48;2;103;19;0m[38;2;104;19;0m▄[48;2;255;252;83m[38;2;255;252;83m▄[48;2;255;250;81m[38;2;117;26;0m▄[38;2;100;17;0m▄[48;2;255;247;74m[38;2;108;25;0m▄[48;2;103;18;0m[38;2;0;0;0m▄[48;2;255;247;76m[38;2;255;247;80m▄[48;2;106;19;0m[38;2;108;20;0m▄[48;2;0;0;0m[38;2;0;0;0m▄▄[48;2;202;135;10m[38;2;255;210;38m▄[48;2;114;31;0m[38;2;255;234;68m▄[48;2;96;17;0m[38;2;103;20;0m▄[48;2;0;0;0m[38;2;0;0;0m▄▄[38;2;255;204;33m▄[48;2;98;18;0m[38;2;255;232;65m▄[48;2;82;13;0m[38;2;101;19;0m▄[48;2;0;0;0m[38;2;0;0;0m▄[48;2;72;0;0m[38;2;255;229;59m▄[48;2;0;0;0m[38;2;255;223;52m▄[38;2;255;187;0m▄[38;2;250;212;45m▄[38;2;231;162;10m▄[38;2;0;0;0m▄[38;2;98;15;0m▄[38;2;101;19;0m▄[38;2;95;16;0m▄[38;2;0;0;0m▄▄▄▄▄[0m
[48;2;0;0;0m[38;2;0;0;0m▄▄▄▄▄▄▄▄▄[48;2;208;140;20m[38;2;255;197;26m▄[48;2;112;23;0m[38;2;254;195;28m▄[48;2;255;219;51m[38;2;255;202;35m▄[48;2;255;218;49m[38;2;237;180;28m▄[48;2;255;212;43m[38;2;255;209;42m▄[48;2;255;241;73m[38;2;255;225;57m▄[48;2;255;246;75m[38;2;100;16;0m▄[48;2;255;250;81m[38;2;255;228;52m▄[48;2;255;251;83m[38;2;255;247;78m▄[48;2;104;19;0m[38;2;105;18;0m▄[48;2;255;251;83m[38;2;255;249;81m▄[48;2;255;250;81m[38;2;112;22;0m▄[48;2;255;248;77m[38;2;99;17;0m▄[48;2;255;238;56m[38;2;94;17;0m▄[48;2;89;14;0m[38;2;87;12;0m▄[48;2;255;239;73m[38;2;255;228;63m▄[48;2;108;20;0m[38;2;109;21;0m▄[48;2;0;0;0m[38;2;0;0;0m▄▄[48;2;255;217;45m[38;2;255;213;43m▄[48;2;255;229;63m[38;2;255;219;53m▄[48;2;101;19;0m[38;2;99;18;0m▄[48;2;0;0;0m[38;2;0;0;0m▄▄[48;2;255;209;37m[38;2;255;215;40m▄[48;2;255;230;64m[38;2;255;221;55m▄[48;2;99;18;0m[38;2;97;17;0m▄[48;2;0;0;0m[38;2;0;0;0m▄[48;2;255;230;64m[38;2;255;223;57m▄[48;2;255;228;59m[38;2;255;221;51m▄[48;2;0;0;0m[38;2;0;0;0m▄[48;2;255;225;54m▄[48;2;255;230;62m[38;2;255;226;59m▄[48;2;102;18;0m[38;2;255;222;53m▄[48;2;255;230;62m[38;2;255;227;60m▄[48;2;255;230;61m[38;2;0;0;0m▄[48;2;0;0;0m▄▄▄▄▄▄[0m
[48;2;0;0;0m[38;2;0;0;0m▄▄▄▄▄▄▄▄▄▄▄▄▄[48;2;255;209;33m▄[48;2;255;205;35m▄[48;2;0;0;0m▄[48;2;255;222;42m▄[48;2;255;230;58m▄[48;2;105;20;0m▄[48;2;255;235;68m▄[48;2;255;232;64m▄[48;2;255;224;57m▄[48;2;255;219;48m[38;2;255;198;28m▄[48;2;104;19;0m[38;2;0;0;0m▄[48;2;255;213;49m[38;2;255;202;29m▄[48;2;255;203;37m[38;2;255;198;28m▄[48;2;255;202;33m[38;2;255;196;28m▄[48;2;137;47;1m[38;2;255;196;23m▄[48;2;255;203;35m[38;2;255;194;22m▄[48;2;255;205;42m[38;2;255;193;29m▄[48;2;108;21;0m[38;2;255;194;28m▄[48;2;101;18;0m[38;2;255;194;29m▄[48;2;98;17;0m[38;2;255;188;21m▄[48;2;255;204;32m[38;2;255;182;0m▄[48;2;255;209;44m[38;2;255;198;32m▄[48;2;102;18;0m[38;2;255;194;26m▄[48;2;0;0;0m[38;2;254;194;27m▄[48;2;255;213;47m[38;2;255;200;37m▄[48;2;255;211;40m[38;2;192;120;12m▄[48;2;0;0;0m[38;2;0;0;0m▄[38;2;254;199;29m▄[48;2;255;214;46m[38;2;255;205;39m▄[48;2;255;219;54m[38;2;255;202;31m▄[48;2;254;207;35m[38;2;255;206;40m▄[48;2;85;0;0m[38;2;101;18;0m▄[48;2;0;0;0m[38;2;0;0;0m▄▄▄▄▄▄[0m
[48;2;0;0;0m[38;2;0;0;0m▄▄▄▄▄▄▄▄▄▄▄▄▄▄▄▄▄▄▄▄▄▄▄▄▄▄▄▄▄▄▄▄▄▄[48;2;255;255;0m▄[48;2;255;189;19m▄[48;2;255;190;20m▄[48;2;255;186;17m▄[48;2;0;0;0m▄[48;2;233;156;8m▄[48;2;255;192;26m▄[48;2;252;184;19m▄[48;2;0;0;0m▄[48;2;255;195;28m▄[48;2;255;192;23m[38;2;255;196;19m▄[48;2;93;15;0m[38;2;120;26;0m▄[48;2;0;0;0m[38;2;0;0;0m▄▄▄▄▄[0m
[48;2;0;0;0m[38;2;0;0;0m▄▄▄▄▄▄▄▄▄▄▄▄▄▄▄▄▄▄▄▄▄▄▄▄▄▄▄▄▄▄▄▄▄▄▄▄▄▄▄▄▄▄▄▄▄▄▄▄▄▄▄[0m
[48;2;0;0;0m[38;2;0;0;0m▄▄▄▄▄▄▄▄▄▄▄▄▄▄▄▄▄▄▄▄▄▄▄▄▄▄▄▄▄▄▄▄▄▄▄▄▄▄▄▄▄▄▄▄▄▄▄▄▄▄▄[0m
[48;2;0;0;0m[38;2;0;0;0m▄▄▄▄▄▄▄▄▄▄▄▄▄▄▄▄▄▄▄▄▄▄▄▄▄▄▄▄▄▄▄▄▄▄▄▄▄▄▄▄▄▄▄▄▄▄▄▄▄▄▄[0m
[48;2;0;0;0m[38;2;0;0;0m▄▄▄▄▄▄▄▄▄▄▄▄▄▄▄▄▄▄▄▄▄▄▄▄▄▄▄▄▄▄▄▄▄▄▄▄▄▄▄▄▄▄▄▄▄▄▄▄▄▄▄[0m
[48;2;0;0;0m[38;2;0;0;0m▄▄▄▄▄▄▄▄▄▄▄▄▄▄▄▄▄▄▄▄▄▄▄▄▄▄▄▄▄▄▄▄▄▄▄▄▄▄▄▄▄▄▄▄▄▄▄▄▄▄▄[0m
