[48;2;0;0;0m[38;2;0;0;0m▄▄▄▄▄▄▄▄▄▄▄▄▄▄▄▄▄▄▄▄▄▄▄▄▄▄▄▄▄▄▄▄▄▄▄▄▄▄▄▄▄▄▄▄▄▄▄▄▄▄▄[0m
[48;2;0;0;0m[38;2;0;0;0m▄▄▄▄▄▄▄▄▄▄▄▄▄▄▄▄▄▄▄▄▄▄▄▄▄▄▄▄▄▄▄▄▄▄▄▄▄▄▄▄▄▄▄▄▄▄▄▄▄▄▄[0m
[48;2;0;0;0m[38;2;0;0;0m▄▄▄▄▄▄▄▄▄▄▄▄▄▄▄▄▄▄▄▄▄▄▄▄▄▄▄▄▄▄▄▄▄▄▄▄▄▄▄▄▄▄▄▄▄▄▄▄▄▄▄[0m
[48;2;0;0;0m[38;2;0;0;0m▄▄▄▄▄▄▄▄▄▄▄▄▄▄▄▄▄▄▄▄▄▄▄▄▄▄▄▄▄▄▄▄▄▄▄▄▄▄▄▄▄▄▄▄▄▄▄▄▄▄▄[0m
[48;2;0;0;0m[38;2;0;0;0m▄▄▄▄▄▄▄▄▄▄▄▄▄▄▄▄▄▄▄▄▄▄▄▄▄▄▄▄▄▄▄▄▄▄▄▄▄▄▄▄▄▄▄▄▄▄▄▄▄▄▄[0m
[48;2;0;0;0m[38;2;0;0;0m▄▄▄▄▄▄▄▄▄▄▄▄▄▄▄▄▄▄▄▄▄▄▄▄▄▄▄[38;2;127;0;0m▄[38;2;174;48;0m▄[38;2;0;0;0m▄▄▄[38;2;175;48;0m▄[38;2;182;51;0m▄[38;2;170;34;0m▄[38;2;178;49;0m▄[38;2;220;137;24m▄[38;2;181;52;0m▄[38;2;255;243;70m▄[38;2;175;49;0m▄[38;2;192;70;2m▄[38;2;255;231;60m▄[38;2;0;0;0m▄▄▄▄▄▄▄▄▄[0m
[48;2;0;0;0m[38;2;0;0;0m▄▄▄▄▄▄[38;2;173;46;0m▄[38;2;176;49;0m▄[38;2;173;47;0m▄[38;2;177;50;0m▄[38;2;0;0;0m▄[38;2;175;49;0m▄[38;2;254;224;53m▄[38;2;255;218;38m▄[38;2;0;0;0m▄[48;2;172;41;0m[38;2;180;56;1m▄[48;2;176;50;0m[38;2;255;232;63m▄[48;2;0;0;0m[38;2;0;0;0m▄[48;2;175;48;0m[38;2;255;225;53m▄[48;2;176;50;0m[38;2;255;234;68m▄[48;2;176;49;0m[38;2;255;232;65m▄[48;2;179;51;0m[38;2;255;231;62m▄[48;2;185;70;4m[38;2;255;229;57m▄[48;2;178;50;0m[38;2;183;53;0m▄[48;2;255;225;49m[38;2;255;237;71m▄[48;2;0;0;0m[38;2;0;0;0m▄▄[48;2;170;46;0m[38;2;171;46;0m▄[48;2;255;246;74m[38;2;255;250;80m▄[48;2;255;250;80m[38;2;255;251;82m▄[48;2;0;0;0m[38;2;0;0;0m▄▄[48;2;181;50;0m[38;2;183;53;0m▄[48;2;255;251;83m[38;2;255;252;84m▄[48;2;170;34;0m[38;2;165;43;0m▄[48;2;181;50;0m[38;2;181;51;0m▄[48;2;255;251;82m[38;2;255;252;83m▄[48;2;171;46;0m[38;2;127;0;0m▄[48;2;250;206;35m[38;2;181;51;0m▄[48;2;255;239;70m[38;2;255;232;65m▄[48;2;255;234;66m[38;2;255;226;56m▄[48;2;255;212;0m[38;2;0;0;0m▄[48;2;0;0;0m▄▄▄▄▄▄▄▄▄[0m
[48;2;0;0;0m[38;2;0;0;0m▄▄▄▄▄[48;2;182;36;0m▄[48;2;254;212;34m[38;2;255;226;58m▄[48;2;255;231;63m[38;2;255;225;57m▄[48;2;255;223;50m[38;2;187;67;1m▄[48;2;255;232;65m[38;2;183;54;0m▄[48;2;255;216;41m[38;2;0;0;0m▄[48;2;175;48;0m[38;2;174;46;0m▄[48;2;255;231;64m[38;2;255;223;57m▄[48;2;255;226;57m[38;2;255;224;57m▄[48;2;173;48;0m[38;2;255;220;52m▄[48;2;182;55;0m[38;2;255;222;54m▄[48;2;255;231;65m[38;2;255;223;58m▄[48;2;0;0;0m[38;2;255;255;0m▄[48;2;254;213;46m[38;2;250;185;31m▄[48;2;255;228;62m[38;2;255;221;55m▄[48;2;176;50;0m[38;2;255;217;47m▄[48;2;176;49;0m▄[48;2;173;45;0m[38;2;255;208;28m▄[48;2;182;52;0m[38;2;181;51;0m▄[48;2;255;231;65m[38;2;255;220;54m▄[48;2;0;0;0m[38;2;0;0;0m▄[38;2;174;45;0m▄[48;2;171;46;0m[38;2;173;47;0m▄[48;2;255;245;77m[38;2;255;231;65m▄[48;2;255;247;78m[38;2;255;235;66m▄[48;2;0;0;0m[38;2;175;48;0m▄[38;2;177;50;0m▄[48;2;183;53;0m[38;2;179;50;0m▄[48;2;255;252;83m[38;2;255;247;79m▄[48;2;168;45;0m[38;2;206;108;12m▄[48;2;185;54;0m[38;2;255;230;61m▄[48;2;255;244;76m[38;2;255;229;59m▄[48;2;171;46;0m[38;2;182;51;0m▄[48;2;205;96;10m[38;2;255;208;40m▄[48;2;255;220;52m[38;2;180;49;0m▄[48;2;255;213;46m[38;2;255;197;26m▄[48;2;0;0;0m[38;2;255;195;21m▄[38;2;0;0;0m▄▄▄▄▄▄▄▄▄[0m
[48;2;0;0;0m[38;2;0;0;0m▄▄▄▄▄[38;2;171;46;0m▄[48;2;255;195;19m[38;2;178;51;0m▄[48;2;255;218;49m[38;2;214;104;4m▄[48;2;255;219;52m[38;2;170;42;0m▄[48;2;255;218;52m[38;2;255;203;31m▄[48;2;255;210;38m[38;2;255;205;41m▄[48;2;174;48;0m[38;2;174;48;0m▄[48;2;255;215;47m[38;2;255;202;36m▄[48;2;255;214;46m[38;2;255;201;30m▄[48;2;255;212;39m[38;2;0;0;0m▄[48;2;235;151;16m[38;2;177;49;0m▄[48;2;255;211;47m[38;2;255;198;36m▄[48;2;255;198;28m[38;2;255;198;28m▄[48;2;226;144;21m[38;2;223;133;15m▄[48;2;255;207;42m[38;2;255;195;32m▄[48;2;176;49;0m[38;2;255;193;28m▄[48;2;177;49;0m▄[48;2;178;51;0m[38;2;255;192;21m▄[48;2;181;51;0m[38;2;183;52;0m▄[48;2;255;205;42m[38;2;255;195;26m▄[48;2;255;202;34m[38;2;255;197;26m▄[48;2;255;203;38m[38;2;255;200;26m▄[48;2;254;201;33m[38;2;255;197;23m▄[48;2;255;216;47m[38;2;0;0;0m▄[48;2;255;223;57m▄[48;2;255;228;61m▄[48;2;255;230;61m▄[48;2;0;0;0m▄[48;2;253;205;23m▄[48;2;255;228;58m▄[48;2;255;217;42m▄[48;2;0;0;0m▄▄▄▄▄▄▄▄▄▄▄▄▄▄▄[0m
[48;2;0;0;0m[38;2;0;0;0m▄▄▄▄▄▄[48;2;255;196;25m▄[48;2;255;196;30m[38;2;255;189;17m▄[48;2;255;190;24m[38;2;255;188;17m▄[48;2;255;193;26m[38;2;0;0;0m▄[48;2;255;194;21m▄[48;2;0;0;0m▄[48;2;255;191;22m▄[48;2;255;191;21m▄[48;2;0;0;0m▄[48;2;179;47;0m▄[48;2;255;191;20m▄[48;2;255;197;11m▄[48;2;0;0;0m▄▄▄▄▄▄▄▄▄▄▄▄▄▄▄▄▄▄▄▄▄▄▄▄▄▄▄▄▄▄▄▄▄[0m
[48;2;0;0;0m[38;2;0;0;0m▄▄▄▄▄▄▄▄▄▄▄▄▄▄▄▄▄▄▄▄▄▄▄▄▄▄▄▄▄▄▄▄▄▄▄▄▄▄▄▄▄▄▄▄▄▄▄▄▄▄▄[0m
[48;2;0;0;0m[38;2;0;0;0m▄▄▄▄▄▄▄▄▄▄▄▄▄▄▄▄▄▄▄▄▄▄▄▄▄▄▄▄▄▄▄▄▄▄▄▄▄▄▄▄▄▄▄▄▄▄▄▄▄▄▄[0m
[48;2;0;0;0m[38;2;0;0;0m▄▄▄▄▄▄▄▄▄▄▄▄▄▄▄▄▄▄▄▄▄▄▄▄▄▄▄▄▄▄▄▄▄▄▄▄▄▄▄▄▄▄▄▄▄▄▄▄▄▄▄[0m
[48;2;0;0;0m[38;2;0;0;0m▄▄▄▄▄▄▄▄▄▄▄▄▄▄▄▄▄▄▄▄▄▄▄▄▄▄▄▄▄▄▄▄▄▄▄▄▄▄▄▄▄▄▄▄▄▄▄▄▄▄▄[0m
[48;2;0;0;0m[38;2;0;0;0m▄▄▄▄▄▄▄▄▄▄▄▄▄▄▄▄▄▄▄▄▄▄▄▄▄▄▄▄▄▄▄▄▄▄▄▄▄▄▄▄▄▄▄▄▄▄▄▄▄▄▄[0m
