[48;2;0;0;0m[38;2;0;0;0m▄▄▄▄▄▄▄▄▄▄▄▄▄▄▄▄▄▄▄▄▄▄▄▄▄▄▄▄▄▄▄▄▄▄▄▄▄▄▄▄▄▄▄▄▄▄▄▄▄▄▄[0m
[48;2;0;0;0m[38;2;0;0;0m▄▄▄▄▄▄▄▄▄▄▄▄▄▄▄▄▄▄▄▄▄▄▄▄▄▄▄▄▄▄▄▄▄▄▄▄▄▄▄▄▄▄▄▄▄▄▄▄▄▄▄[0m
[48;2;0;0;0m[38;2;0;0;0m▄▄▄▄▄▄▄▄▄▄▄▄▄▄▄▄▄▄▄▄▄▄▄▄▄▄▄▄▄▄▄▄▄▄▄▄▄▄▄▄▄▄▄▄▄▄▄▄▄▄▄[0m
[48;2;0;0;0m[38;2;0;0;0m▄▄▄▄▄▄▄▄▄▄▄▄▄▄▄▄▄▄▄▄▄▄▄▄▄▄▄▄▄▄▄▄▄▄▄▄▄▄▄▄▄▄▄▄▄▄▄▄▄▄▄[0m
[48;2;0;0;0m[38;2;0;0;0m▄▄▄▄▄▄▄▄▄▄▄▄▄▄▄▄▄▄▄▄▄▄▄▄▄▄▄▄▄▄▄▄▄▄▄▄▄▄▄▄▄▄▄▄▄▄▄▄▄▄▄[0m
[48;2;0;0;0m[38;2;0;0;0m▄▄▄▄▄▄▄▄▄▄▄▄[48;2;253;174;4m[38;2;255;249;78m▄[48;2;141;36;0m[38;2;254;241;69m▄[48;2;131;30;0m[38;2;179;87;7m▄[48;2;120;26;0m[38;2;255;249;80m▄[48;2;0;0;0m[38;2;159;62;8m▄[38;2;128;28;0m▄[38;2;254;239;66m▄[38;2;135;31;0m▄[38;2;132;31;0m▄[38;2;131;30;0m▄[38;2;130;30;0m▄[38;2;127;28;0m▄[38;2;121;22;0m▄[38;2;0;0;0m▄▄▄▄▄▄▄▄▄▄▄▄▄▄▄▄▄▄▄▄▄▄▄▄▄▄[0m
[48;2;0;0;0m[38;2;0;0;0m▄▄▄▄▄▄▄▄▄▄▄▄[48;2;255;249;78m[38;2;147;37;0m▄[48;2;254;229;55m[38;2;255;236;62m▄[48;2;143;35;0m[38;2;255;243;70m▄[48;2;255;251;83m[38;2;255;250;80m▄[48;2;171;72;8m[38;2;255;251;82m▄[48;2;135;31;0m[38;2;255;250;81m▄[48;2;255;252;85m[38;2;255;250;82m▄[48;2;142;35;0m[38;2;143;35;0m▄[48;2;255;243;77m[38;2;255;238;70m▄[48;2;255;238;67m[38;2;143;35;0m▄[48;2;255;236;68m[38;2;133;32;0m▄[48;2;146;37;0m▄[48;2;255;229;61m[38;2;255;231;64m▄[48;2;142;36;0m[38;2;146;39;0m▄[48;2;120;25;0m[38;2;121;25;0m▄[48;2;0;0;0m[38;2;0;0;0m▄[48;2;143;31;0m[38;2;255;230;61m▄[48;2;134;31;0m[38;2;255;201;33m▄[48;2;121;26;0m[38;2;125;27;0m▄[48;2;0;0;0m[38;2;0;0;0m▄[38;2;255;206;28m▄[38;2;240;194;37m▄[38;2;135;31;0m▄[38;2;115;24;0m▄[38;2;143;36;0m▄[38;2;132;30;0m▄[38;2;123;27;0m▄[38;2;0;0;0m▄▄▄▄▄▄▄▄▄▄▄▄[0m
[48;2;0;0;0m[38;2;0;0;0m▄▄▄▄▄▄▄▄▄▄▄▄[48;2;255;222;51m▄[48;2;214;153;32m[38;2;255;214;40m▄[48;2;255;241;72m[38;2;0;0;0m▄[48;2;255;245;73m[38;2;255;217;36m▄[48;2;252;166;12m[38;2;255;206;28m▄[48;2;134;32;0m[38;2;136;33;0m▄[48;2;255;238;69m[38;2;255;222;54m▄[48;2;143;35;0m[38;2;145;37;0m▄[48;2;255;228;62m[38;2;255;213;47m▄[48;2;255;225;56m[38;2;142;35;0m▄[48;2;255;221;48m[38;2;131;30;0m▄[48;2;142;35;0m[38;2;131;31;0m▄[48;2;255;224;57m[38;2;255;212;45m▄[48;2;146;39;0m[38;2;146;38;0m▄[48;2;121;25;0m[38;2;122;26;0m▄[48;2;0;0;0m[38;2;0;0;0m▄[48;2;255;225;56m[38;2;255;217;49m▄[48;2;255;193;30m[38;2;254;187;28m▄[48;2;125;27;0m[38;2;124;27;0m▄[48;2;0;0;0m[38;2;0;0;0m▄[48;2;255;207;27m[38;2;255;212;34m▄[48;2;255;233;66m[38;2;255;227;61m▄[48;2;140;34;0m[38;2;138;33;0m▄[48;2;115;24;0m[38;2;95;0;0m▄[48;2;255;233;66m[38;2;255;229;64m▄[48;2;191;115;18m[38;2;190;102;12m▄[48;2;230;161;10m[38;2;122;26;0m▄[48;2;255;229;59m[38;2;255;230;62m▄[48;2;138;32;0m[38;2;246;199;33m▄[48;2;119;26;0m[38;2;170;82;6m▄[48;2;142;35;0m[38;2;255;233;67m▄[48;2;131;30;0m[38;2;254;205;24m▄[48;2;123;27;0m[38;2;127;29;0m▄[48;2;0;0;0m[38;2;0;0;0m▄▄▄▄▄▄[0m
[48;2;0;0;0m[38;2;0;0;0m▄▄▄▄▄▄▄▄▄▄▄▄▄▄▄▄▄▄▄▄[48;2;255;200;31m▄[48;2;255;197;30m▄[48;2;255;195;29m▄[48;2;150;40;0m▄[48;2;255;198;34m[38;2;255;195;16m▄[48;2;255;195;29m[38;2;255;192;23m▄[48;2;209;127;14m[38;2;255;192;25m▄[48;2;137;32;0m[38;2;146;37;0m▄[48;2;255;203;40m[38;2;255;192;28m▄[48;2;248;168;20m[38;2;255;195;30m▄[48;2;128;28;0m[38;2;255;194;28m▄[48;2;119;17;0m[38;2;253;192;24m▄[48;2;255;210;34m[38;2;182;95;11m▄[48;2;255;217;52m[38;2;255;204;40m▄[48;2;137;31;0m[38;2;142;35;0m▄[48;2;95;0;0m[38;2;126;27;0m▄[48;2;255;222;56m[38;2;255;211;46m▄[48;2;161;51;0m[38;2;142;34;0m▄[48;2;123;26;0m[38;2;121;25;0m▄[48;2;255;214;31m[38;2;255;199;20m▄[48;2;255;225;58m[38;2;255;219;54m▄[48;2;255;226;59m[38;2;255;220;55m▄[48;2;255;224;54m[38;2;140;34;0m▄[48;2;127;28;0m[38;2;118;25;0m▄[48;2;0;0;0m[38;2;0;0;0m▄▄▄▄▄▄▄[0m
[48;2;0;0;0m[38;2;0;0;0m▄▄▄▄▄▄▄▄▄▄▄▄▄▄▄▄▄▄▄▄▄▄▄▄▄▄▄▄▄[48;2;255;185;11m▄[48;2;255;191;22m▄[48;2;255;192;19m▄[48;2;138;31;0m▄[48;2;255;194;24m▄[48;2;255;193;28m▄[48;2;255;195;29m[38;2;255;189;18m▄[48;2;255;199;32m[38;2;0;0;0m▄[48;2;135;32;0m▄[48;2;0;0;0m[38;2;255;192;17m▄[48;2;255;203;36m[38;2;255;193;28m▄[48;2;255;206;38m[38;2;136;32;0m▄[48;2;255;208;43m[38;2;253;198;24m▄[48;2;254;197;26m[38;2;255;197;32m▄[48;2;128;28;0m[38;2;140;33;0m▄[48;2;0;0;0m[38;2;118;24;0m▄[38;2;0;0;0m▄▄▄▄▄▄[0m
[48;2;0;0;0m[38;2;0;0;0m▄▄▄▄▄▄▄▄▄▄▄▄▄▄▄▄▄▄▄▄▄▄▄▄▄▄▄▄▄▄▄▄▄▄▄▄▄▄▄▄▄▄[48;2;255;192;21m▄[48;2;254;189;12m▄[48;2;130;29;0m▄[48;2;0;0;0m▄▄▄▄▄▄[0m
[48;2;0;0;0m[38;2;0;0;0m▄▄▄▄▄▄▄▄▄▄▄▄▄▄▄▄▄▄▄▄▄▄▄▄▄▄▄▄▄▄▄▄▄▄▄▄▄▄▄▄▄▄▄▄▄▄▄▄▄▄▄[0m
[48;2;0;0;0m[38;2;0;0;0m▄▄▄▄▄▄▄▄▄▄▄▄▄▄▄▄▄▄▄▄▄▄▄▄▄▄▄▄▄▄▄▄▄▄▄▄▄▄▄▄▄▄▄▄▄▄▄▄▄▄▄[0m
[48;2;0;0;0m[38;2;0;0;0m▄▄▄▄▄▄▄▄▄▄▄▄▄▄▄▄▄▄▄▄▄▄▄▄▄▄▄▄▄▄▄▄▄▄▄▄▄▄▄▄▄▄▄▄▄▄▄▄▄▄▄[0m
[48;2;0;0;0m[38;2;0;0;0m▄▄▄▄▄▄▄▄▄▄▄▄▄▄▄▄▄▄▄▄▄▄▄▄▄▄▄▄▄▄▄▄▄▄▄▄▄▄▄▄▄▄▄▄▄▄▄▄▄▄▄[0m
