[48;2;0;0;0m[38;2;0;0;0m▄▄▄▄▄▄▄▄▄▄▄▄▄▄▄▄▄▄▄▄▄▄▄▄▄▄▄▄▄▄▄▄▄▄▄▄▄▄▄▄▄▄▄▄▄▄▄▄▄▄▄[0m
[48;2;0;0;0m[38;2;0;0;0m▄▄▄▄▄▄▄▄▄▄▄▄▄▄▄▄▄▄▄▄▄▄▄▄▄▄▄▄▄▄▄▄▄▄▄▄▄▄▄▄▄▄▄▄▄▄▄▄▄▄▄[0m
[48;2;0;0;0m[38;2;0;0;0m▄▄▄▄▄▄▄▄▄▄▄▄▄▄▄▄▄▄▄▄▄▄▄▄▄▄▄▄▄▄▄▄▄▄▄▄▄▄▄▄▄▄▄▄▄▄▄▄▄▄▄[0m
[48;2;0;0;0m[38;2;0;0;0m▄▄▄▄▄▄▄▄▄▄▄▄▄▄▄▄▄▄▄▄▄▄▄▄▄▄▄▄▄▄▄▄▄▄▄▄▄▄▄▄▄▄▄▄▄▄▄▄▄▄▄[0m
[48;2;0;0;0m[38;2;0;0;0m▄▄▄▄▄▄▄▄▄▄▄▄▄▄▄▄▄▄▄▄▄▄▄▄▄▄▄▄▄▄▄▄▄▄▄▄▄▄▄▄▄▄▄▄▄▄▄▄▄▄▄[0m
[48;2;0;0;0m[38;2;0;0;0m▄▄▄▄▄▄▄▄▄▄▄▄▄▄▄▄▄▄▄▄▄▄▄▄▄▄[38;2;123;23;0m▄[38;2;139;33;0m▄[38;2;144;33;0m▄[38;2;0;0;0m▄[38;2;131;29;0m▄[38;2;149;37;0m▄[38;2;255;236;59m▄[48;2;127;0;0m[38;2;144;35;0m▄[48;2;136;31;0m[38;2;255;249;80m▄[48;2;144;35;0m[38;2;153;40;0m▄[48;2;136;32;0m[38;2;255;248;78m▄[48;2;142;34;0m[38;2;172;63;1m▄[48;2;223;163;22m[38;2;255;248;78m▄[48;2;0;0;0m[38;2;0;0;0m▄▄▄▄▄▄▄▄▄▄▄▄[0m
[48;2;0;0;0m[38;2;0;0;0m▄▄▄▄▄▄▄▄▄▄▄▄[38;2;132;29;0m▄[38;2;141;33;0m▄[38;2;0;0;0m▄[38;2;129;28;0m▄[38;2;144;34;0m▄[38;2;240;192;36m▄[38;2;144;35;0m▄[48;2;137;32;0m[38;2;255;228;59m▄[48;2;139;33;0m[38;2;255;232;64m▄[48;2;144;36;0m[38;2;255;233;67m▄[48;2;138;32;0m[38;2;255;232;65m▄[48;2;145;35;0m[38;2;152;39;0m▄[48;2;248;189;27m[38;2;255;232;65m▄[48;2;0;0;0m[38;2;0;0;0m▄[48;2;128;27;0m[38;2;128;27;0m▄[48;2;148;36;0m[38;2;148;36;0m▄[48;2;255;235;68m[38;2;255;232;66m▄[48;2;0;0;0m[38;2;0;0;0m▄[48;2;132;30;0m[38;2;132;30;0m▄[48;2;153;39;0m[38;2;152;38;0m▄[48;2;255;249;79m[38;2;255;247;79m▄[48;2;145;35;0m[38;2;146;36;0m▄[48;2;255;250;82m[38;2;255;249;79m▄[48;2;137;31;0m[38;2;140;33;0m▄[48;2;153;39;0m[38;2;153;38;0m▄[48;2;255;251;82m[38;2;255;249;80m▄[48;2;255;222;32m[38;2;255;226;46m▄[48;2;0;0;0m[38;2;0;0;0m▄▄▄▄▄▄▄▄▄▄▄▄[0m
[48;2;0;0;0m[38;2;0;0;0m▄▄▄▄▄▄[38;2;130;29;0m▄[48;2;133;30;0m[38;2;149;37;0m▄[48;2;143;35;0m[38;2;255;231;63m▄[48;2;212;142;18m[38;2;255;225;53m▄[48;2;234;170;29m[38;2;255;228;58m▄[48;2;255;187;0m[38;2;255;230;61m▄[48;2;140;33;0m[38;2;143;35;0m▄[48;2;255;230;58m[38;2;255;227;60m▄[48;2;255;229;59m[38;2;255;228;61m▄[48;2;131;29;0m[38;2;142;34;0m▄[48;2;150;37;0m[38;2;153;39;0m▄[48;2;255;233;67m[38;2;255;227;61m▄[48;2;146;36;0m[38;2;146;36;0m▄[48;2;255;230;61m[38;2;255;223;55m▄[48;2;255;227;57m[38;2;255;222;55m▄[48;2;142;34;0m[38;2;255;219;50m▄[48;2;137;32;0m[38;2;255;214;45m▄[48;2;148;36;0m[38;2;149;37;0m▄[48;2;255;225;59m[38;2;255;215;49m▄[48;2;0;0;0m[38;2;139;32;0m▄[48;2;128;27;0m[38;2;135;30;0m▄[48;2;148;36;0m[38;2;149;37;0m▄[48;2;255;222;57m[38;2;255;209;45m▄[48;2;0;0;0m[38;2;150;40;0m▄[48;2;133;30;0m[38;2;251;196;32m▄[48;2;151;38;0m[38;2;151;38;0m▄[48;2;255;234;68m[38;2;255;221;53m▄[48;2;150;38;0m[38;2;255;224;56m▄[48;2;255;245;76m[38;2;255;223;50m▄[48;2;151;39;0m[38;2;153;40;0m▄[48;2;255;240;70m[38;2;255;218;40m▄[48;2;154;39;0m[38;2;0;0;0m▄[48;2;255;222;52m▄[48;2;0;0;0m▄▄▄▄▄▄▄▄▄▄▄▄[0m
[48;2;0;0;0m[38;2;0;0;0m▄▄▄▄▄▄[48;2;132;29;0m▄[48;2;183;92;11m[38;2;151;38;0m▄[48;2;255;229;63m[38;2;255;218;47m▄[48;2;154;50;2m[38;2;255;221;53m▄[48;2;156;47;0m[38;2;255;220;54m▄[48;2;0;0;0m[38;2;255;216;48m▄[48;2;138;32;0m[38;2;144;35;0m▄[48;2;255;218;51m[38;2;255;212;42m▄[48;2;255;222;58m[38;2;255;211;43m▄[48;2;255;220;54m[38;2;134;31;0m▄[48;2;255;219;53m[38;2;154;41;0m▄[48;2;255;217;53m[38;2;255;205;42m▄[48;2;146;35;0m[38;2;146;36;0m▄[48;2;255;211;45m[38;2;255;200;33m▄[48;2;255;210;42m[38;2;255;196;33m▄[48;2;139;33;0m[38;2;255;193;28m▄[48;2;140;33;0m[38;2;255;193;27m▄[48;2;149;37;0m[38;2;152;38;0m▄[48;2;255;201;38m[38;2;255;192;23m▄[48;2;255;195;29m▄[48;2;255;194;29m[38;2;255;195;21m▄[48;2;156;41;0m[38;2;0;0;0m▄[48;2;255;194;30m▄[48;2;255;196;29m▄[48;2;255;199;30m▄[48;2;0;0;0m▄▄▄▄▄▄▄▄▄▄▄▄▄▄▄▄▄▄▄▄[0m
[48;2;0;0;0m[38;2;0;0;0m▄▄▄▄▄▄[48;2;130;29;0m[38;2;255;0;0m▄[48;2;140;33;0m[38;2;181;86;6m▄[48;2;151;39;0m[38;2;255;199;34m▄[48;2;134;30;0m[38;2;255;193;24m▄[48;2;149;37;0m[38;2;255;192;24m▄[48;2;255;205;41m[38;2;255;194;26m▄[48;2;201;120;15m[38;2;143;35;0m▄[48;2;255;200;32m[38;2;255;191;18m▄[38;2;255;192;21m▄[48;2;130;29;0m[38;2;0;0;0m▄[48;2;149;37;0m▄[48;2;255;193;28m▄[48;2;148;37;0m▄[48;2;255;193;19m▄[48;2;255;192;20m▄[48;2;255;193;20m▄[48;2;0;0;0m▄▄▄▄▄▄▄▄▄▄▄▄▄▄▄▄▄▄▄▄▄▄▄▄▄▄▄▄▄[0m
[48;2;0;0;0m[38;2;0;0;0m▄▄▄▄▄▄▄▄[48;2;255;190;18m▄[48;2;255;189;20m▄[48;2;255;191;19m▄[48;2;0;0;0m▄▄▄▄▄▄▄▄▄▄▄▄▄▄▄▄▄▄▄▄▄▄▄▄▄▄▄▄▄▄▄▄▄▄▄▄▄▄▄▄[0m
[48;2;0;0;0m[38;2;0;0;0m▄▄▄▄▄▄▄▄▄▄▄▄▄▄▄▄▄▄▄▄▄▄▄▄▄▄▄▄▄▄▄▄▄▄▄▄▄▄▄▄▄▄▄▄▄▄▄▄▄▄▄[0m
[48;2;0;0;0m[38;2;0;0;0m▄▄▄▄▄▄▄▄▄▄▄▄▄▄▄▄▄▄▄▄▄▄▄▄▄▄▄▄▄▄▄▄▄▄▄▄▄▄▄▄▄▄▄▄▄▄▄▄▄▄▄[0m
[48;2;0;0;0m[38;2;0;0;0m▄▄▄▄▄▄▄▄▄▄▄▄▄▄▄▄▄▄▄▄▄▄▄▄▄▄▄▄▄▄▄▄▄▄▄▄▄▄▄▄▄▄▄▄▄▄▄▄▄▄▄[0m
[48;2;0;0;0m[38;2;0;0;0m▄▄▄▄▄▄▄▄▄▄▄▄▄▄▄▄▄▄▄▄▄▄▄▄▄▄▄▄▄▄▄▄▄▄▄▄▄▄▄▄▄▄▄▄▄▄▄▄▄▄▄[0m
