[48;2;0;0;0m[38;2;0;0;0m▄▄▄▄▄▄▄▄▄▄▄▄▄▄▄▄▄▄▄▄▄▄▄▄▄▄▄▄▄▄▄▄▄▄▄▄▄▄▄▄▄▄▄▄▄▄▄▄▄▄▄[0m
[48;2;0;0;0m[38;2;0;0;0m▄▄▄▄▄▄▄▄▄▄▄▄▄▄▄▄▄▄▄▄▄▄▄▄▄▄▄▄▄▄▄▄▄▄▄▄▄▄▄▄▄▄▄▄▄▄▄▄▄▄▄[0m
[48;2;0;0;0m[38;2;0;0;0m▄▄▄▄▄▄▄▄▄▄▄▄▄▄▄▄▄▄▄▄▄▄▄▄▄▄▄▄▄▄▄▄▄▄▄▄▄▄▄▄▄▄▄▄▄▄▄▄▄▄▄[0m
[48;2;0;0;0m[38;2;0;0;0m▄▄▄▄▄▄▄▄▄▄▄▄▄▄▄▄▄▄▄▄▄▄▄▄▄▄▄▄▄▄▄▄▄▄▄▄▄▄▄▄▄▄▄▄▄▄▄▄▄▄▄[0m
[48;2;0;0;0m[38;2;0;0;0m▄▄▄▄▄▄▄▄▄▄▄▄▄▄▄▄▄▄▄▄▄▄▄▄▄▄▄▄▄▄▄▄▄▄▄▄▄▄▄▄▄▄▄▄▄▄▄▄▄▄▄[0m
[48;2;0;0;0m[38;2;0;0;0m▄▄▄▄▄▄▄▄▄▄▄▄▄▄▄▄▄▄▄▄▄▄▄▄▄▄▄▄▄▄▄▄▄▄▄▄▄▄▄▄▄▄▄▄▄▄▄▄▄▄▄[0m
[48;2;0;0;0m[38;2;0;0;0m▄▄▄▄▄▄[38;2;255;216;42m▄[48;2;254;218;44m[38;2;255;228;61m▄[48;2;255;231;61m[38;2;96;15;0m▄[48;2;255;220;45m[38;2;255;229;60m▄[48;2;90;14;0m[38;2;255;222;47m▄[48;2;0;0;0m[38;2;0;0;0m▄[48;2;255;229;59m[38;2;255;233;67m▄[48;2;191;119;10m[38;2;194;148;31m▄[48;2;0;0;0m[38;2;0;0;0m▄[48;2;255;224;54m[38;2;255;232;64m▄[48;2;255;230;57m[38;2;255;236;68m▄[48;2;0;0;0m[38;2;0;0;0m▄[48;2;255;240;68m[38;2;255;244;76m▄[48;2;255;248;77m[38;2;255;249;81m▄[48;2;255;249;78m[38;2;255;212;33m▄[38;2;255;211;33m▄[48;2;255;182;13m[38;2;254;189;9m▄[48;2;255;204;0m[38;2;255;204;0m▄[48;2;255;248;77m[38;2;255;252;84m▄[48;2;0;0;0m[38;2;0;0;0m▄▄▄[48;2;80;13;0m[38;2;41;4;0m▄[48;2;255;248;76m[38;2;255;251;83m▄[48;2;0;0;0m[38;2;0;0;0m▄▄▄[48;2;88;15;0m[38;2;97;25;0m▄[48;2;255;235;61m[38;2;255;238;71m▄[48;2;0;0;0m[38;2;0;0;0m▄▄[48;2;255;225;54m[38;2;255;230;63m▄[48;2;255;223;51m[38;2;255;230;62m▄[48;2;81;14;0m[38;2;0;0;0m▄[48;2;255;228;57m[38;2;255;219;44m▄[48;2;251;178;11m[38;2;255;229;62m▄[48;2;87;12;0m[38;2;103;20;0m▄[48;2;255;223;51m[38;2;255;231;64m▄[48;2;255;215;41m[38;2;255;255;0m▄[48;2;0;0;0m[38;2;0;0;0m▄▄▄▄▄▄[0m
[48;2;0;0;0m[38;2;0;0;0m▄▄▄▄▄▄[48;2;255;209;26m[38;2;85;13;0m▄[48;2;255;223;56m[38;2;96;15;0m▄[48;2;255;220;52m[38;2;241;193;33m▄[48;2;255;215;44m[38;2;255;212;44m▄[48;2;96;15;0m[38;2;255;209;42m▄[48;2;0;0;0m[38;2;85;14;0m▄[48;2;255;225;59m[38;2;255;213;47m▄[48;2;255;224;57m[38;2;253;206;41m▄[48;2;255;224;55m[38;2;255;217;45m▄[48;2;255;227;60m[38;2;255;214;45m▄[48;2;255;230;63m[38;2;255;219;52m▄[48;2;0;0;0m[38;2;0;0;0m▄[48;2;255;237;69m[38;2;255;225;58m▄[48;2;255;242;74m[38;2;255;230;63m▄[48;2;255;233;58m[38;2;0;0;0m▄[48;2;255;234;59m▄[48;2;81;18;0m▄[48;2;255;204;0m[38;2;255;204;0m▄[48;2;255;252;84m[38;2;255;252;83m▄[48;2;0;0;0m[38;2;0;0;0m▄▄▄[48;2;35;4;0m[38;2;40;5;0m▄[48;2;255;251;83m[38;2;255;245;77m▄[48;2;0;0;0m[38;2;0;0;0m▄▄▄[48;2;109;37;1m[38;2;112;48;6m▄[48;2;255;231;66m[38;2;255;220;54m▄[48;2;0;0;0m[38;2;0;0;0m▄[38;2;85;13;0m▄[48;2;255;224;56m[38;2;255;213;46m▄[48;2;255;223;53m[38;2;255;209;40m▄[48;2;0;0;0m[38;2;0;0;0m▄[48;2;78;10;0m[38;2;98;17;0m▄[48;2;255;223;56m[38;2;255;212;46m▄[48;2;255;224;59m[38;2;255;213;48m▄[48;2;255;211;33m[38;2;255;201;31m▄[48;2;0;0;0m[38;2;0;0;0m▄▄▄▄▄▄▄[0m
[48;2;0;0;0m[38;2;0;0;0m▄▄▄▄▄▄[48;2;255;197;21m▄[48;2;255;197;31m[38;2;255;191;19m▄[48;2;108;26;0m[38;2;255;190;21m▄[48;2;255;195;28m[38;2;255;189;20m▄[48;2;255;199;33m[38;2;0;0;0m▄[48;2;0;0;0m▄[48;2;255;199;35m[38;2;255;186;19m▄[48;2;255;196;30m[38;2;255;190;19m▄[48;2;0;0;0m[38;2;0;0;0m▄[48;2;255;201;33m[38;2;255;188;18m▄[48;2;255;205;41m[38;2;255;192;22m▄[48;2;56;0;0m[38;2;0;0;0m▄[48;2;255;210;43m[38;2;255;197;21m▄[48;2;255;216;49m[38;2;255;201;33m▄[48;2;255;218;46m[38;2;255;205;37m▄[48;2;255;224;51m[38;2;255;211;42m▄[48;2;255;218;41m[38;2;255;208;35m▄[48;2;255;178;0m[38;2;255;178;0m▄[48;2;255;244;77m[38;2;255;221;50m▄[48;2;255;239;70m[38;2;255;225;55m▄[48;2;255;238;69m[38;2;255;221;51m▄[48;2;255;230;59m[38;2;254;212;38m▄[48;2;51;8;0m[38;2;174;60;0m▄[48;2;255;231;66m[38;2;255;211;41m▄[48;2;255;215;47m[38;2;255;206;37m▄[48;2;255;208;41m[38;2;255;201;33m▄[48;2;255;199;31m[38;2;255;194;21m▄[48;2;0;0;0m[38;2;0;0;0m▄[48;2;255;205;40m[38;2;255;194;12m▄[48;2;255;199;31m[38;2;255;191;23m▄[48;2;255;195;27m▄[48;2;255;200;36m[38;2;255;192;17m▄[48;2;255;199;24m[38;2;0;0;0m▄[48;2;92;14;0m[38;2;254;185;9m▄[48;2;255;198;31m[38;2;255;188;19m▄[48;2;255;198;27m[38;2;0;0;0m▄[48;2;220;160;20m▄[48;2;255;199;34m[38;2;255;188;19m▄[48;2;0;0;0m[38;2;255;184;11m▄[38;2;0;0;0m▄▄▄▄▄▄[0m
[48;2;0;0;0m[38;2;0;0;0m▄▄▄▄▄▄▄▄▄▄▄▄▄▄▄▄▄▄▄▄▄▄▄▄▄▄▄▄▄▄▄▄▄▄▄▄▄▄▄▄▄▄▄▄▄▄▄▄▄▄▄[0m
[48;2;0;0;0m[38;2;0;0;0m▄▄▄▄▄▄▄▄▄▄▄▄▄▄▄▄▄▄▄▄▄▄▄▄▄▄▄▄▄▄▄▄▄▄▄▄▄▄▄▄▄▄▄▄▄▄▄▄▄▄▄[0m
[48;2;0;0;0m[38;2;0;0;0m▄▄▄▄▄▄▄▄▄▄▄▄▄▄▄▄▄▄▄▄▄▄▄▄▄▄▄▄▄▄▄▄▄▄▄▄▄▄▄▄▄▄▄▄▄▄▄▄▄▄▄[0m
[48;2;0;0;0m[38;2;0;0;0m▄▄▄▄▄▄▄▄▄▄▄▄▄▄▄▄▄▄▄▄▄▄▄▄▄▄▄▄▄▄▄▄▄▄▄▄▄▄▄▄▄▄▄▄▄▄▄▄▄▄▄[0m
[48;2;0;0;0m[38;2;0;0;0m▄▄▄▄▄▄▄▄▄▄▄▄▄▄▄▄▄▄▄▄▄▄▄▄▄▄▄▄▄▄▄▄▄▄▄▄▄▄▄▄▄▄▄▄▄▄▄▄▄▄▄[0m
[48;2;0;0;0m[38;2;0;0;0m▄▄▄▄▄▄▄▄▄▄▄▄▄▄▄▄▄▄▄▄▄▄▄▄▄▄▄▄▄▄▄▄▄▄▄▄▄▄▄▄▄▄▄▄▄▄▄▄▄▄▄[0m
