[48;2;0;0;0m[38;2;0;0;0m▄▄▄▄▄▄▄▄▄▄▄▄▄▄▄▄▄▄▄▄▄▄▄▄▄▄▄▄▄▄▄▄▄▄▄▄▄▄▄▄▄▄▄▄▄▄▄▄▄▄▄[0m
[48;2;0;0;0m[38;2;0;0;0m▄▄▄▄▄▄▄▄▄▄▄▄▄▄▄▄▄▄▄▄▄▄▄▄▄▄▄▄▄▄▄▄▄▄▄▄▄▄▄▄▄▄▄▄▄▄▄▄▄▄▄[0m
[48;2;0;0;0m[38;2;0;0;0m▄▄▄▄▄▄▄▄▄▄▄▄▄▄▄▄▄▄▄▄▄▄▄▄▄▄▄▄▄▄▄▄▄▄▄▄▄▄▄▄▄▄▄▄▄▄▄▄▄▄▄[0m
[48;2;0;0;0m[38;2;0;0;0m▄▄▄▄▄▄▄▄▄▄▄▄▄▄▄▄▄▄▄▄▄▄▄▄▄▄▄▄▄▄▄▄▄▄▄▄▄▄▄▄▄▄▄▄▄▄▄▄▄▄▄[0m
[48;2;0;0;0m[38;2;0;0;0m▄▄▄▄▄▄▄▄▄▄▄▄▄▄▄▄▄▄▄▄▄▄▄▄▄▄▄▄▄▄▄▄▄▄▄▄▄▄▄▄▄▄▄▄▄▄▄▄▄▄▄[0m
[48;2;0;0;0m[38;2;0;0;0m▄▄▄▄▄▄▄▄▄[38;2;255;206;20m▄[38;2;255;237;64m▄[38;2;255;240;70m▄[38;2;181;51;0m▄[38;2;202;97;3m▄[38;2;219;132;18m▄[38;2;174;47;0m▄[38;2;255;204;0m▄[38;2;178;50;0m▄[38;2;173;47;0m▄[38;2;180;48;0m▄[38;2;174;47;0m▄[38;2;175;47;0m▄[38;2;174;48;0m▄[38;2;127;0;0m▄[38;2;0;0;0m▄▄▄▄▄▄▄▄▄▄▄▄▄▄▄▄▄▄▄▄▄▄▄▄▄▄▄[0m
[48;2;0;0;0m[38;2;0;0;0m▄▄▄▄▄▄▄▄▄[48;2;255;229;59m[38;2;255;218;0m▄[48;2;192;62;1m[38;2;255;227;58m▄[48;2;248;199;37m[38;2;255;229;62m▄[48;2;254;228;52m[38;2;184;53;0m▄[48;2;220;128;9m[38;2;182;55;0m▄[48;2;255;250;80m[38;2;255;251;81m▄[48;2;178;49;0m[38;2;255;244;73m▄[48;2;255;200;20m[38;2;254;235;66m▄[48;2;255;249;78m[38;2;255;250;80m▄[48;2;180;52;0m[38;2;179;50;0m▄[48;2;255;251;82m[38;2;255;252;83m▄[48;2;255;251;81m[38;2;188;57;0m▄[48;2;255;250;81m[38;2;176;50;0m▄[48;2;255;248;77m[38;2;180;54;0m▄[48;2;177;49;0m[38;2;0;0;0m▄[48;2;255;242;73m[38;2;255;243;76m▄[48;2;178;49;0m[38;2;180;50;0m▄[48;2;0;0;0m[38;2;0;0;0m▄▄[48;2;234;150;15m[38;2;255;215;40m▄[48;2;179;52;0m[38;2;255;232;66m▄[48;2;173;47;0m[38;2;176;48;0m▄[48;2;0;0;0m[38;2;0;0;0m▄▄[38;2;255;223;51m▄[48;2;174;48;0m[38;2;255;229;60m▄[48;2;172;41;0m[38;2;175;48;0m▄[48;2;0;0;0m[38;2;0;0;0m▄[38;2;255;228;57m▄[38;2;255;218;40m▄[38;2;246;186;9m▄[38;2;239;162;18m▄[38;2;175;49;0m▄[38;2;0;0;0m▄[38;2;185;54;0m▄[38;2;177;50;0m▄[38;2;174;48;0m▄[38;2;0;0;0m▄▄▄▄▄[0m
[48;2;0;0;0m[38;2;0;0;0m▄▄▄▄▄▄▄▄▄[48;2;255;203;28m[38;2;255;199;23m▄[48;2;186;53;0m[38;2;255;197;28m▄[48;2;199;93;11m[38;2;255;201;33m▄[48;2;255;223;55m[38;2;255;206;36m▄[48;2;184;53;0m[38;2;178;49;0m▄[48;2;255;244;77m[38;2;255;229;62m▄[48;2;254;227;50m[38;2;179;49;0m▄[48;2;255;243;70m[38;2;0;0;0m▄[48;2;255;251;82m[38;2;255;247;79m▄[48;2;179;50;0m[38;2;179;50;0m▄[48;2;255;252;83m[38;2;255;247;78m▄[48;2;255;248;78m[38;2;183;51;0m▄[48;2;255;249;79m[38;2;173;48;0m▄[48;2;255;237;64m[38;2;173;47;0m▄[48;2;170;46;0m[38;2;171;45;0m▄[48;2;255;236;70m[38;2;255;225;59m▄[48;2;180;50;0m[38;2;181;50;0m▄[48;2;0;0;0m[38;2;0;0;0m▄▄[48;2;255;202;28m[38;2;255;205;32m▄[48;2;255;227;60m[38;2;255;218;51m▄[48;2;175;48;0m[38;2;176;49;0m▄[48;2;0;0;0m[38;2;0;0;0m▄▄[48;2;255;225;57m[38;2;255;219;51m▄[48;2;255;229;61m[38;2;255;221;53m▄[48;2;175;48;0m[38;2;174;47;0m▄[48;2;0;0;0m[38;2;0;0;0m▄[48;2;255;231;65m[38;2;255;225;60m▄[48;2;255;222;50m[38;2;252;194;35m▄[48;2;0;0;0m[38;2;0;0;0m▄[48;2;255;230;61m[38;2;255;200;18m▄[48;2;255;228;59m[38;2;255;227;61m▄[48;2;176;49;0m[38;2;255;217;45m▄[48;2;255;230;62m[38;2;255;228;61m▄[48;2;255;229;60m[38;2;0;0;0m▄[48;2;0;0;0m▄▄▄▄▄▄[0m
[48;2;0;0;0m[38;2;0;0;0m▄▄▄▄▄▄▄▄▄▄▄▄▄▄[48;2;255;213;37m▄[48;2;0;0;0m▄▄[48;2;255;232;60m▄[48;2;180;51;0m▄[48;2;255;231;62m▄[48;2;255;228;61m▄[48;2;255;221;53m▄[48;2;255;210;42m▄[48;2;179;50;0m▄[48;2;255;209;45m[38;2;255;200;26m▄[48;2;255;200;35m[38;2;255;197;26m▄[48;2;255;199;31m[38;2;255;195;27m▄[48;2;186;62;1m[38;2;255;194;22m▄[48;2;255;203;35m[38;2;255;195;20m▄[48;2;255;205;40m[38;2;255;193;29m▄[48;2;181;51;0m[38;2;255;194;29m▄[48;2;175;48;0m▄[48;2;173;47;0m[38;2;226;140;14m▄[48;2;255;206;37m[38;2;255;196;19m▄[48;2;255;210;42m[38;2;255;198;34m▄[48;2;175;48;0m[38;2;254;191;24m▄[48;2;0;0;0m[38;2;254;195;27m▄[48;2;255;214;50m[38;2;255;202;38m▄[48;2;223;144;24m[38;2;183;58;0m▄[48;2;0;0;0m[38;2;0;0;0m▄[38;2;255;199;29m▄[48;2;255;216;48m[38;2;255;207;41m▄[48;2;255;220;55m[38;2;255;207;38m▄[48;2;208;111;13m[38;2;255;206;39m▄[48;2;0;0;0m[38;2;175;48;0m▄[38;2;0;0;0m▄▄▄▄▄▄[0m
[48;2;0;0;0m[38;2;0;0;0m▄▄▄▄▄▄▄▄▄▄▄▄▄▄▄▄▄▄▄▄▄▄▄▄▄▄▄▄▄▄▄▄▄▄[48;2;255;192;17m▄[48;2;255;190;21m▄[48;2;255;191;22m▄[48;2;255;190;17m▄[48;2;0;0;0m▄[48;2;255;186;12m▄[48;2;255;193;29m▄[48;2;238;143;12m▄[48;2;0;0;0m▄[48;2;255;197;32m[38;2;255;191;17m▄[48;2;241;165;17m[38;2;255;191;16m▄[48;2;173;45;0m[38;2;179;47;0m▄[48;2;0;0;0m[38;2;0;0;0m▄▄▄▄▄[0m
[48;2;0;0;0m[38;2;0;0;0m▄▄▄▄▄▄▄▄▄▄▄▄▄▄▄▄▄▄▄▄▄▄▄▄▄▄▄▄▄▄▄▄▄▄▄▄▄▄▄▄▄▄▄▄▄▄▄▄▄▄▄[0m
[48;2;0;0;0m[38;2;0;0;0m▄▄▄▄▄▄▄▄▄▄▄▄▄▄▄▄▄▄▄▄▄▄▄▄▄▄▄▄▄▄▄▄▄▄▄▄▄▄▄▄▄▄▄▄▄▄▄▄▄▄▄[0m
[48;2;0;0;0m[38;2;0;0;0m▄▄▄▄▄▄▄▄▄▄▄▄▄▄▄▄▄▄▄▄▄▄▄▄▄▄▄▄▄▄▄▄▄▄▄▄▄▄▄▄▄▄▄▄▄▄▄▄▄▄▄[0m
[48;2;0;0;0m[38;2;0;0;0m▄▄▄▄▄▄▄▄▄▄▄▄▄▄▄▄▄▄▄▄▄▄▄▄▄▄▄▄▄▄▄▄▄▄▄▄▄▄▄▄▄▄▄▄▄▄▄▄▄▄▄[0m
[48;2;0;0;0m[38;2;0;0;0m▄▄▄▄▄▄▄▄▄▄▄▄▄▄▄▄▄▄▄▄▄▄▄▄▄▄▄▄▄▄▄▄▄▄▄▄▄▄▄▄▄▄▄▄▄▄▄▄▄▄▄[0m
