[48;2;0;0;0m[38;2;0;0;0m▄▄▄▄▄▄▄▄▄▄▄▄▄▄▄▄▄▄▄▄▄▄▄▄▄▄▄▄▄▄▄▄▄▄▄▄▄▄▄▄▄▄▄▄▄▄▄▄▄▄▄[0m
[48;2;0;0;0m[38;2;0;0;0m▄▄▄▄▄▄▄▄▄▄▄▄▄▄▄▄▄▄▄▄▄▄▄▄▄▄▄▄▄▄▄▄▄▄▄▄▄▄▄▄▄▄▄▄▄▄▄▄▄▄▄[0m
[48;2;0;0;0m[38;2;0;0;0m▄▄▄▄▄▄▄▄▄▄▄▄▄▄▄▄▄▄▄▄▄▄▄▄▄▄▄▄▄▄▄▄▄▄▄▄▄▄▄▄▄▄▄▄▄▄▄▄▄▄▄[0m
[48;2;0;0;0m[38;2;0;0;0m▄▄▄▄▄▄▄▄▄▄▄▄▄▄▄▄▄▄▄▄▄▄▄▄▄▄▄▄▄▄▄▄▄▄▄▄▄▄▄▄▄▄▄▄▄▄▄▄▄▄▄[0m
[48;2;0;0;0m[38;2;0;0;0m▄▄▄▄▄▄▄▄▄▄▄▄▄▄▄▄▄▄▄▄▄▄▄▄▄▄▄▄▄▄▄▄▄▄▄▄▄▄▄▄▄▄▄▄▄▄▄▄▄▄▄[0m
[48;2;0;0;0m[38;2;0;0;0m▄▄▄▄▄▄▄▄[38;2;188;56;0m▄[38;2;185;53;0m▄[38;2;181;50;0m▄[38;2;0;0;0m▄▄[38;2;182;51;0m▄[38;2;0;0;0m▄▄[38;2;177;44;0m▄[38;2;178;25;0m▄[38;2;0;0;0m▄▄▄▄▄▄▄▄▄▄▄▄▄▄▄▄▄▄▄▄▄▄▄▄▄▄▄▄▄▄▄▄▄[0m
[48;2;0;0;0m[38;2;0;0;0m▄▄▄▄▄▄▄[48;2;255;217;41m[38;2;255;226;59m▄[48;2;255;231;62m[38;2;253;212;42m▄[38;2;190;57;0m▄[48;2;255;225;54m[38;2;203;84;6m▄[48;2;180;50;0m[38;2;127;0;0m▄[48;2;255;230;61m[38;2;255;230;62m▄[48;2;255;235;65m[38;2;255;231;63m▄[48;2;181;50;0m[38;2;184;52;0m▄[48;2;255;183;10m[38;2;191;65;2m▄[48;2;255;247;76m[38;2;255;246;79m▄[48;2;182;51;0m[38;2;180;50;0m▄[48;2;255;249;79m[38;2;255;251;83m▄[48;2;255;250;80m▄[48;2;255;248;78m[38;2;255;201;15m▄[48;2;255;249;78m[38;2;255;207;15m▄[48;2;255;226;31m[38;2;255;224;27m▄[48;2;255;204;0m[38;2;255;204;0m▄[48;2;255;249;79m[38;2;255;252;84m▄[48;2;179;50;0m[38;2;181;50;0m▄[48;2;0;0;0m[38;2;0;0;0m▄▄▄[48;2;255;212;31m[38;2;255;247;79m▄[48;2;180;48;0m[38;2;177;48;0m▄[48;2;0;0;0m[38;2;0;0;0m▄▄[48;2;182;72;0m[38;2;255;182;0m▄[48;2;193;74;5m[38;2;255;234;69m▄[48;2;189;49;0m[38;2;255;191;0m▄[48;2;0;0;0m[38;2;0;0;0m▄[48;2;188;60;0m[38;2;255;229;62m▄[48;2;189;59;0m[38;2;255;231;64m▄[48;2;0;0;0m[38;2;0;0;0m▄[48;2;183;52;0m[38;2;254;220;47m▄[48;2;181;52;0m[38;2;255;231;63m▄[48;2;0;0;0m[38;2;184;56;0m▄[48;2;182;52;0m[38;2;255;227;57m▄[48;2;188;56;0m[38;2;255;231;62m▄[48;2;170;0;0m[38;2;0;0;0m▄[48;2;0;0;0m▄▄▄▄▄[0m
[48;2;0;0;0m[38;2;0;0;0m▄▄▄▄▄▄▄[48;2;255;207;15m[38;2;254;195;25m▄[48;2;255;218;49m[38;2;190;56;0m▄[48;2;255;219;52m[38;2;180;51;0m▄[48;2;255;215;46m[38;2;255;208;43m▄[48;2;184;52;0m[38;2;207;101;10m▄[48;2;255;220;51m[38;2;255;206;39m▄[48;2;255;226;61m[38;2;255;211;45m▄[48;2;255;228;61m[38;2;182;51;0m▄[48;2;255;233;66m[38;2;255;191;0m▄[48;2;255;239;72m[38;2;255;227;62m▄[48;2;181;50;0m[38;2;183;52;0m▄[48;2;255;249;81m[38;2;255;237;67m▄[48;2;255;251;83m[38;2;255;245;76m▄[48;2;255;250;81m[38;2;255;0;0m▄[48;2;255;251;81m▄[48;2;189;61;0m[38;2;0;0;0m▄[48;2;255;204;0m[38;2;255;204;0m▄[48;2;255;252;84m[38;2;255;251;83m▄[48;2;181;50;0m[38;2;181;50;0m▄[48;2;0;0;0m[38;2;0;0;0m▄▄▄[48;2;255;241;73m[38;2;255;231;65m▄[48;2;183;58;0m[38;2;182;54;0m▄[48;2;0;0;0m[38;2;0;0;0m▄▄[48;2;247;151;0m[38;2;255;157;5m▄[48;2;255;229;64m[38;2;255;218;53m▄[48;2;223;95;0m[38;2;170;0;0m▄[48;2;0;0;0m[38;2;0;0;0m▄[48;2;255;225;57m[38;2;255;216;48m▄▄[48;2;0;0;0m[38;2;0;0;0m▄[38;2;191;31;0m▄[48;2;255;226;59m[38;2;255;212;40m▄[48;2;255;219;48m[38;2;255;220;55m▄[48;2;255;227;60m[38;2;255;212;40m▄[48;2;0;0;0m[38;2;0;0;0m▄▄▄▄▄▄▄[0m
[48;2;0;0;0m[38;2;0;0;0m▄▄▄▄▄▄▄[48;2;255;194;22m▄[48;2;255;192;26m▄[48;2;255;191;25m▄[48;2;255;194;26m▄[48;2;0;0;0m▄[48;2;255;196;27m▄[48;2;255;199;32m▄[48;2;184;52;0m▄[48;2;255;191;0m▄[48;2;255;211;46m[38;2;255;195;15m▄[48;2;186;55;0m[38;2;0;0;0m▄[48;2;255;220;45m[38;2;255;214;13m▄[48;2;255;230;64m[38;2;255;217;43m▄[48;2;255;231;62m[38;2;255;222;43m▄[48;2;255;236;66m[38;2;255;215;36m▄[48;2;255;236;65m[38;2;255;216;33m▄[48;2;255;204;0m[38;2;255;212;0m▄[48;2;255;242;75m[38;2;255;226;52m▄[48;2;255;230;61m[38;2;255;218;45m▄[48;2;255;222;53m[38;2;255;218;44m▄[48;2;255;215;41m[38;2;255;211;37m▄[48;2;0;0;0m[38;2;255;181;20m▄[48;2;255;217;52m[38;2;255;201;33m▄[48;2;253;192;28m[38;2;255;200;31m▄[48;2;202;79;3m[38;2;255;198;29m▄[48;2;191;65;1m[38;2;255;190;23m▄[48;2;0;0;0m[38;2;0;0;0m▄[48;2;255;204;40m[38;2;255;194;20m▄[48;2;239;160;17m[38;2;255;193;25m▄[48;2;184;54;0m[38;2;255;191;26m▄[48;2;255;203;37m[38;2;255;193;24m▄[48;2;255;202;33m[38;2;0;0;0m▄[48;2;0;0;0m[38;2;185;54;0m▄[48;2;197;80;4m[38;2;255;193;25m▄[48;2;255;205;40m[38;2;255;194;21m▄[48;2;255;201;29m[38;2;0;0;0m▄[48;2;255;206;41m[38;2;255;193;25m▄[48;2;186;58;0m[38;2;255;192;23m▄[48;2;0;0;0m[38;2;0;0;0m▄▄▄▄▄▄[0m
[48;2;0;0;0m[38;2;0;0;0m▄▄▄▄▄▄▄▄▄▄▄▄▄▄▄▄▄▄▄▄▄▄▄▄▄▄▄▄▄▄▄▄▄▄▄▄▄▄▄▄▄▄▄▄▄▄▄▄▄▄▄[0m
[48;2;0;0;0m[38;2;0;0;0m▄▄▄▄▄▄▄▄▄▄▄▄▄▄▄▄▄▄▄▄▄▄▄▄▄▄▄▄▄▄▄▄▄▄▄▄▄▄▄▄▄▄▄▄▄▄▄▄▄▄▄[0m
[48;2;0;0;0m[38;2;0;0;0m▄▄▄▄▄▄▄▄▄▄▄▄▄▄▄▄▄▄▄▄▄▄▄▄▄▄▄▄▄▄▄▄▄▄▄▄▄▄▄▄▄▄▄▄▄▄▄▄▄▄▄[0m
[48;2;0;0;0m[38;2;0;0;0m▄▄▄▄▄▄▄▄▄▄▄▄▄▄▄▄▄▄▄▄▄▄▄▄▄▄▄▄▄▄▄▄▄▄▄▄▄▄▄▄▄▄▄▄▄▄▄▄▄▄▄[0m
[48;2;0;0;0m[38;2;0;0;0m▄▄▄▄▄▄▄▄▄▄▄▄▄▄▄▄▄▄▄▄▄▄▄▄▄▄▄▄▄▄▄▄▄▄▄▄▄▄▄▄▄▄▄▄▄▄▄▄▄▄▄[0m
[48;2;0;0;0m[38;2;0;0;0m▄▄▄▄▄▄▄▄▄▄▄▄▄▄▄▄▄▄▄▄▄▄▄▄▄▄▄▄▄▄▄▄▄▄▄▄▄▄▄▄▄▄▄▄▄▄▄▄▄▄▄[0m
