[48;2;0;0;0m[38;2;0;0;0m▄▄▄▄▄▄▄▄▄▄▄▄▄▄▄▄▄▄▄▄▄▄▄▄▄▄▄▄▄▄▄▄▄▄▄▄▄▄▄▄▄▄▄▄▄▄▄▄▄▄▄[0m
[48;2;0;0;0m[38;2;0;0;0m▄▄▄▄▄▄▄▄▄▄▄▄▄▄▄▄▄▄▄▄▄▄▄▄▄▄▄▄▄▄▄▄▄▄▄▄▄▄▄▄▄▄▄▄▄▄▄▄▄▄▄[0m
[48;2;0;0;0m[38;2;0;0;0m▄▄▄▄▄▄▄▄▄▄▄▄▄▄▄▄▄▄▄▄▄▄▄▄▄▄▄▄▄▄▄▄▄▄▄▄▄▄▄▄▄▄▄▄▄▄▄▄▄▄▄[0m
[48;2;0;0;0m[38;2;0;0;0m▄▄▄▄▄▄▄▄▄▄▄▄▄▄▄▄▄▄▄▄▄▄▄▄▄▄▄▄▄▄▄▄▄▄▄▄▄▄▄▄▄▄▄▄▄▄▄▄▄▄▄[0m
[48;2;0;0;0m[38;2;0;0;0m▄▄▄▄▄▄▄▄▄▄▄▄▄▄▄▄▄▄▄▄▄▄▄▄▄▄▄▄▄▄▄▄▄▄▄▄▄▄▄▄▄▄▄▄▄▄▄▄▄▄▄[0m
[48;2;0;0;0m[38;2;0;0;0m▄▄▄▄▄▄▄▄▄▄▄▄▄▄▄▄▄▄▄▄▄▄▄▄▄▄[38;2;109;0;0m▄[38;2;124;27;0m▄[38;2;133;33;0m▄[38;2;0;0;0m▄[38;2;115;24;0m▄[38;2;134;31;0m▄[38;2;254;235;58m▄[38;2;129;29;0m▄[48;2;124;28;0m[38;2;255;248;77m▄[48;2;127;28;0m[38;2;180;88;9m▄[48;2;127;36;0m[38;2;255;240;65m▄[48;2;124;27;0m[38;2;254;220;43m▄[48;2;154;49;0m[38;2;255;249;79m▄[48;2;230;168;8m[38;2;0;0;0m▄[48;2;0;0;0m▄▄▄▄▄▄▄▄▄▄▄[0m
[48;2;0;0;0m[38;2;0;0;0m▄▄▄▄▄▄▄▄▄▄▄▄[38;2;121;26;0m▄[38;2;131;30;0m▄[38;2;0;0;0m▄[38;2;119;24;0m▄[38;2;133;30;0m▄[38;2;240;197;42m▄[48;2;117;19;0m[38;2;133;30;0m▄[48;2;124;26;0m[38;2;255;229;59m▄[48;2;127;29;0m[38;2;255;232;65m▄[48;2;130;30;0m[38;2;255;233;67m▄[48;2;126;27;0m[38;2;255;232;64m▄[48;2;133;30;0m[38;2;139;33;0m▄[48;2;251;199;31m[38;2;255;232;66m▄[48;2;0;0;0m[38;2;0;0;0m▄[48;2;116;22;0m[38;2;116;22;0m▄[48;2;135;32;0m[38;2;136;31;0m▄[48;2;255;236;68m[38;2;255;233;65m▄[48;2;0;0;0m[38;2;0;0;0m▄[48;2;117;24;0m[38;2;117;24;0m▄[48;2;138;32;0m[38;2;138;32;0m▄[48;2;255;250;80m[38;2;255;250;83m▄[48;2;130;29;0m[38;2;131;29;0m▄[48;2;255;251;82m[38;2;255;251;82m▄[48;2;149;63;8m[38;2;144;55;8m▄[48;2;138;32;0m[38;2;140;33;0m▄[48;2;255;250;80m[38;2;255;249;80m▄[48;2;255;243;68m[38;2;255;239;69m▄[48;2;0;0;0m[38;2;0;0;0m▄▄▄▄▄▄▄▄▄▄▄▄[0m
[48;2;0;0;0m[38;2;0;0;0m▄▄▄▄▄▄[38;2;119;25;0m▄[48;2;123;26;0m[38;2;152;51;2m▄[48;2;133;31;0m[38;2;255;232;65m▄[48;2;246;192;31m[38;2;222;163;27m▄[48;2;255;221;47m[38;2;255;229;60m▄[48;2;0;0;0m[38;2;255;226;55m▄[48;2;130;29;0m[38;2;132;30;0m▄[48;2;255;231;62m[38;2;255;228;61m▄[48;2;255;228;58m[38;2;255;227;59m▄[48;2;120;25;0m[38;2;131;30;0m▄[48;2;224;118;3m[38;2;200;109;12m▄[48;2;255;233;67m[38;2;255;226;61m▄[48;2;135;31;0m[38;2;135;31;0m▄[48;2;255;229;61m[38;2;255;222;54m▄[48;2;255;217;49m[38;2;255;220;54m▄[48;2;129;29;0m[38;2;255;218;50m▄[48;2;126;27;0m[38;2;255;216;45m▄[48;2;137;32;0m[38;2;137;32;0m▄[48;2;255;226;59m[38;2;255;215;49m▄[48;2;0;0;0m[38;2;124;31;0m▄[48;2;116;22;0m[38;2;122;25;0m▄[48;2;136;32;0m[38;2;136;32;0m▄[48;2;255;224;56m[38;2;255;210;44m▄[48;2;0;0;0m[38;2;132;30;0m▄[48;2;118;24;0m[38;2;170;85;11m▄[48;2;138;32;0m[38;2;139;34;0m▄[48;2;255;239;73m[38;2;255;223;56m▄[48;2;136;32;0m[38;2;255;226;57m▄[48;2;255;245;76m[38;2;255;232;62m▄[48;2;138;33;0m[38;2;143;35;0m▄[48;2;244;211;50m[38;2;255;222;46m▄[48;2;192;117;18m[38;2;0;0;0m▄[48;2;255;222;54m▄[48;2;0;0;0m▄▄▄▄▄▄▄▄▄▄▄▄[0m
[48;2;0;0;0m[38;2;0;0;0m▄▄▄▄▄▄[48;2;121;26;0m▄[48;2;255;222;50m[38;2;138;34;0m▄[48;2;255;228;61m[38;2;255;217;46m▄[48;2;252;197;25m[38;2;255;219;51m▄[48;2;149;48;2m[38;2;255;218;52m▄[48;2;0;0;0m[38;2;255;214;46m▄[48;2;128;29;0m[38;2;133;31;0m▄[48;2;255;219;53m[38;2;255;210;42m▄[48;2;255;222;57m[38;2;255;209;38m▄[48;2;255;220;53m[38;2;122;26;0m▄[48;2;255;218;52m[38;2;140;34;0m▄[48;2;255;217;52m[38;2;255;205;41m▄[48;2;137;33;0m[38;2;137;33;0m▄[48;2;255;211;45m[38;2;255;196;33m▄[48;2;255;208;39m[38;2;255;196;32m▄[48;2;127;28;0m[38;2;255;193;28m▄[48;2;128;27;0m[38;2;255;193;27m▄[48;2;137;32;0m[38;2;141;34;0m▄[48;2;255;201;37m[38;2;255;191;23m▄[48;2;255;195;29m[38;2;255;192;23m▄[48;2;255;194;29m[38;2;255;195;21m▄[48;2;142;35;0m[38;2;0;0;0m▄[48;2;255;195;30m▄[48;2;255;198;31m▄[48;2;255;201;33m▄[48;2;0;0;0m▄▄▄▄▄▄▄▄▄▄▄▄▄▄▄▄▄▄▄▄[0m
[48;2;0;0;0m[38;2;0;0;0m▄▄▄▄▄▄[48;2;119;25;0m▄[48;2;131;30;0m[38;2;255;196;23m▄[48;2;140;34;0m[38;2;255;198;33m▄[48;2;121;26;0m[38;2;255;192;24m▄[48;2;143;36;0m[38;2;255;191;25m▄[48;2;255;204;41m[38;2;255;194;23m▄[48;2;134;31;0m[38;2;133;29;0m▄[48;2;255;200;33m[38;2;255;191;19m▄[48;2;255;198;29m▄[48;2;119;25;0m[38;2;0;0;0m▄[48;2;138;33;0m▄[48;2;255;192;27m▄[48;2;134;30;0m▄[48;2;255;188;18m▄[48;2;255;191;22m▄[48;2;255;191;0m▄[48;2;0;0;0m▄▄▄▄▄▄▄▄▄▄▄▄▄▄▄▄▄▄▄▄▄▄▄▄▄▄▄▄▄[0m
[48;2;0;0;0m[38;2;0;0;0m▄▄▄▄▄▄▄▄[48;2;255;190;18m▄[48;2;255;192;22m▄[48;2;0;0;0m▄▄▄▄▄▄▄▄▄▄▄▄▄▄▄▄▄▄▄▄▄▄▄▄▄▄▄▄▄▄▄▄▄▄▄▄▄▄▄▄▄[0m
[48;2;0;0;0m[38;2;0;0;0m▄▄▄▄▄▄▄▄▄▄▄▄▄▄▄▄▄▄▄▄▄▄▄▄▄▄▄▄▄▄▄▄▄▄▄▄▄▄▄▄▄▄▄▄▄▄▄▄▄▄▄[0m
[48;2;0;0;0m[38;2;0;0;0m▄▄▄▄▄▄▄▄▄▄▄▄▄▄▄▄▄▄▄▄▄▄▄▄▄▄▄▄▄▄▄▄▄▄▄▄▄▄▄▄▄▄▄▄▄▄▄▄▄▄▄[0m
[48;2;0;0;0m[38;2;0;0;0m▄▄▄▄▄▄▄▄▄▄▄▄▄▄▄▄▄▄▄▄▄▄▄▄▄▄▄▄▄▄▄▄▄▄▄▄▄▄▄▄▄▄▄▄▄▄▄▄▄▄▄[0m
[48;2;0;0;0m[38;2;0;0;0m▄▄▄▄▄▄▄▄▄▄▄▄▄▄▄▄▄▄▄▄▄▄▄▄▄▄▄▄▄▄▄▄▄▄▄▄▄▄▄▄▄▄▄▄▄▄▄▄▄▄▄[0m
