[48;2;0;0;0m[38;2;0;0;0m▄▄▄▄▄▄▄▄▄▄▄▄▄▄▄▄▄▄▄▄▄▄▄▄▄▄▄▄▄▄▄▄▄▄▄▄▄▄▄▄▄▄▄▄▄▄▄▄▄▄▄[0m
[48;2;0;0;0m[38;2;0;0;0m▄▄▄▄▄▄▄▄▄▄▄▄▄▄▄▄▄▄▄▄▄▄▄▄▄▄▄▄▄▄▄▄▄▄▄▄▄▄▄▄▄▄▄▄▄▄▄▄▄▄▄[0m
[48;2;0;0;0m[38;2;0;0;0m▄▄▄▄▄▄▄▄▄▄▄▄▄▄▄▄▄▄▄▄▄▄▄▄▄▄▄▄▄▄▄▄▄▄▄▄▄▄▄▄▄▄▄▄▄▄▄▄▄▄▄[0m
[48;2;0;0;0m[38;2;0;0;0m▄▄▄▄▄▄▄▄▄▄▄▄▄▄▄▄▄▄▄▄▄▄▄▄▄▄▄▄▄▄▄▄▄▄▄▄▄▄▄▄▄▄▄▄▄▄▄▄▄▄▄[0m
[48;2;0;0;0m[38;2;0;0;0m▄▄▄▄▄▄▄▄▄▄▄▄▄▄▄▄▄▄▄▄▄▄▄▄▄▄▄▄▄▄▄▄▄▄▄▄▄▄▄▄▄▄▄▄▄▄▄▄▄▄▄[0m
[48;2;0;0;0m[38;2;0;0;0m▄▄▄▄▄▄▄▄▄▄▄[38;2;255;247;78m▄[48;2;120;24;0m[38;2;255;249;78m▄[48;2;111;22;0m[38;2;207;137;12m▄[48;2;0;0;0m[38;2;145;58;2m▄[38;2;255;247;76m▄[38;2;115;23;0m▄[38;2;251;210;36m▄[38;2;143;57;2m▄[38;2;111;23;0m▄[38;2;118;26;0m▄[38;2;112;23;0m▄[38;2;110;22;0m▄[38;2;107;18;0m▄[38;2;0;0;0m▄▄▄▄▄▄▄▄▄▄▄▄▄▄▄▄▄▄▄▄▄▄▄▄▄▄▄[0m
[48;2;0;0;0m[38;2;0;0;0m▄▄▄▄▄▄▄▄▄▄▄[48;2;255;241;72m[38;2;154;66;4m▄[48;2;150;52;3m[38;2;255;244;75m▄[48;2;126;27;0m[38;2;254;244;74m▄[48;2;140;52;1m[38;2;137;36;0m▄[48;2;255;251;81m[38;2;255;251;82m▄[48;2;120;25;0m[38;2;255;250;81m▄[48;2;255;250;81m[38;2;255;251;82m▄[48;2;185;110;10m[38;2;185;121;25m▄[48;2;255;241;65m[38;2;255;232;52m▄[48;2;255;250;82m[38;2;255;246;77m▄[48;2;255;246;78m[38;2;121;26;0m▄[48;2;255;239;68m[38;2;116;24;0m▄[48;2;122;26;0m[38;2;112;21;0m▄[48;2;255;233;65m[38;2;255;234;68m▄[48;2;124;27;0m[38;2;128;30;0m▄[48;2;101;18;0m[38;2;101;18;0m▄[48;2;0;0;0m[38;2;0;0;0m▄[48;2;131;24;0m[38;2;255;229;57m▄[48;2;117;25;0m[38;2;255;232;64m▄[48;2;105;20;0m[38;2;111;22;0m▄[48;2;0;0;0m[38;2;0;0;0m▄▄[38;2;255;229;60m▄[38;2;246;185;20m▄[38;2;103;19;0m▄[38;2;132;35;0m▄[38;2;115;24;0m▄[38;2;111;22;0m▄[38;2;114;23;0m▄[38;2;111;22;0m▄[38;2;101;19;0m▄[38;2;0;0;0m▄▄▄▄▄▄▄▄▄[0m
[48;2;0;0;0m[38;2;0;0;0m▄▄▄▄▄▄▄▄▄▄▄[48;2;255;211;43m[38;2;255;205;29m▄[48;2;127;29;0m[38;2;255;210;40m▄[48;2;255;236;68m[38;2;231;166;21m▄[48;2;130;30;0m[38;2;0;0;0m▄[48;2;255;250;81m[38;2;255;236;67m▄[48;2;119;25;0m[38;2;118;24;0m▄[48;2;255;249;80m[38;2;255;238;70m▄[48;2;190;129;33m[38;2;247;178;32m▄[48;2;255;232;56m[38;2;255;218;50m▄[48;2;255;238;70m[38;2;255;222;54m▄[48;2;255;232;64m[38;2;120;25;0m▄[48;2;255;227;54m[38;2;112;23;0m▄[48;2;120;25;0m[38;2;109;21;0m▄[48;2;255;226;61m[38;2;255;215;49m▄[48;2;128;30;0m[38;2;128;30;0m▄[48;2;101;18;0m[38;2;103;18;0m▄[48;2;0;0;0m[38;2;0;0;0m▄[48;2;255;224;52m[38;2;255;215;43m▄[48;2;255;227;59m[38;2;255;219;49m▄[48;2;111;22;0m[38;2;111;21;0m▄[48;2;0;0;0m[38;2;0;0;0m▄▄[48;2;255;232;66m[38;2;255;224;59m▄[48;2;241;152;11m[38;2;198;88;0m▄[48;2;103;19;0m[38;2;103;19;0m▄[48;2;255;219;50m[38;2;255;221;48m▄[48;2;255;233;66m[38;2;255;228;61m▄[48;2;118;25;0m[38;2;116;24;0m▄[48;2;255;226;54m[38;2;0;0;0m▄[48;2;255;229;59m[38;2;255;230;64m▄[48;2;116;24;0m[38;2;139;42;1m▄[48;2;255;191;15m[38;2;255;228;60m▄[48;2;255;227;55m[38;2;255;230;62m▄[48;2;203;135;8m[38;2;108;20;0m▄[48;2;0;0;0m[38;2;0;0;0m▄▄▄▄▄▄[0m
[48;2;0;0;0m[38;2;0;0;0m▄▄▄▄▄▄▄▄▄▄▄▄▄▄▄▄▄▄[48;2;255;204;30m▄[48;2;255;206;35m▄[48;2;255;209;41m▄[48;2;255;204;37m▄[48;2;255;200;33m▄[48;2;129;30;0m▄[48;2;255;199;36m[38;2;255;192;22m▄[48;2;255;196;30m[38;2;255;193;24m▄[48;2;254;195;28m[38;2;255;192;25m▄[48;2;127;34;1m[38;2;239;171;17m▄[48;2;254;202;38m[38;2;255;190;24m▄[48;2;255;206;39m[38;2;255;194;30m▄[48;2;117;23;0m[38;2;255;195;29m▄[48;2;108;21;0m[38;2;255;194;27m▄[48;2;102;17;0m[38;2;123;27;0m▄[48;2;255;214;49m[38;2;255;201;34m▄[48;2;134;33;0m[38;2;253;196;30m▄[48;2;102;19;0m[38;2;118;25;0m▄[48;2;255;212;42m[38;2;255;204;37m▄[48;2;255;218;51m[38;2;255;206;39m▄[48;2;114;22;0m[38;2;111;22;0m▄[48;2;0;0;0m[38;2;0;0;0m▄[48;2;255;216;43m[38;2;255;209;41m▄[48;2;255;224;59m[38;2;255;216;51m▄[48;2;255;225;59m[38;2;255;213;44m▄[48;2;112;23;0m[38;2;117;24;0m▄[48;2;0;0;0m[38;2;0;0;0m▄▄▄▄▄▄▄[0m
[48;2;0;0;0m[38;2;0;0;0m▄▄▄▄▄▄▄▄▄▄▄▄▄▄▄▄▄▄▄▄▄▄▄▄▄▄▄▄▄▄[48;2;255;191;21m▄[48;2;255;190;19m▄[48;2;121;26;0m▄[48;2;255;198;9m▄[48;2;255;192;25m▄[48;2;255;192;27m▄[48;2;255;194;29m▄[48;2;214;143;15m▄[48;2;0;0;0m[38;2;255;184;7m▄[48;2;255;194;24m[38;2;255;191;21m▄[48;2;255;201;36m[38;2;250;185;16m▄[48;2;118;26;0m[38;2;0;0;0m▄[48;2;255;204;40m[38;2;255;193;21m▄[48;2;214;142;15m[38;2;255;193;26m▄[48;2;106;20;0m[38;2;119;25;0m▄[48;2;0;0;0m[38;2;0;0;0m▄▄▄▄▄▄[0m
[48;2;0;0;0m[38;2;0;0;0m▄▄▄▄▄▄▄▄▄▄▄▄▄▄▄▄▄▄▄▄▄▄▄▄▄▄▄▄▄▄▄▄▄▄▄▄▄▄▄▄▄▄▄▄[48;2;255;192;8m▄[48;2;0;0;0m▄▄▄▄▄▄[0m
[48;2;0;0;0m[38;2;0;0;0m▄▄▄▄▄▄▄▄▄▄▄▄▄▄▄▄▄▄▄▄▄▄▄▄▄▄▄▄▄▄▄▄▄▄▄▄▄▄▄▄▄▄▄▄▄▄▄▄▄▄▄[0m
[48;2;0;0;0m[38;2;0;0;0m▄▄▄▄▄▄▄▄▄▄▄▄▄▄▄▄▄▄▄▄▄▄▄▄▄▄▄▄▄▄▄▄▄▄▄▄▄▄▄▄▄▄▄▄▄▄▄▄▄▄▄[0m
[48;2;0;0;0m[38;2;0;0;0m▄▄▄▄▄▄▄▄▄▄▄▄▄▄▄▄▄▄▄▄▄▄▄▄▄▄▄▄▄▄▄▄▄▄▄▄▄▄▄▄▄▄▄▄▄▄▄▄▄▄▄[0m
[48;2;0;0;0m[38;2;0;0;0m▄▄▄▄▄▄▄▄▄▄▄▄▄▄▄▄▄▄▄▄▄▄▄▄▄▄▄▄▄▄▄▄▄▄▄▄▄▄▄▄▄▄▄▄▄▄▄▄▄▄▄[0m
