[48;2;0;0;0m[38;2;0;0;0m▄▄▄▄▄▄▄▄▄▄▄▄▄▄▄▄▄▄▄▄▄▄▄▄▄▄▄▄▄▄▄▄▄▄▄▄▄▄▄▄▄▄▄▄▄▄▄▄▄▄▄[0m
[48;2;0;0;0m[38;2;0;0;0m▄▄▄▄▄▄▄▄▄▄▄▄▄▄▄▄▄▄▄▄▄▄▄▄▄▄▄▄▄▄▄▄▄▄▄▄▄▄▄▄▄▄▄▄▄▄▄▄▄▄▄[0m
[48;2;0;0;0m[38;2;0;0;0m▄▄▄▄▄▄▄▄▄▄▄▄▄▄▄▄▄▄▄▄▄▄▄▄▄▄▄▄▄▄▄▄▄▄▄▄▄▄▄▄▄▄▄▄▄▄▄▄▄▄▄[0m
[48;2;0;0;0m[38;2;0;0;0m▄▄▄▄▄▄▄▄▄▄▄▄▄▄▄▄▄▄▄▄▄▄▄▄▄▄▄▄▄▄▄▄▄▄▄▄▄▄▄▄▄▄▄▄▄▄▄▄▄▄▄[0m
[48;2;0;0;0m[38;2;0;0;0m▄▄▄▄▄▄▄▄▄▄▄▄▄▄▄▄▄▄▄▄▄▄▄▄▄▄▄▄▄▄▄▄▄▄▄▄▄▄▄▄▄▄▄▄▄▄▄▄▄▄▄[0m
[48;2;0;0;0m[38;2;0;0;0m▄▄▄▄▄▄▄▄▄▄▄▄▄▄▄▄▄▄▄▄▄▄▄▄▄▄▄▄▄▄▄▄▄▄▄▄▄▄▄▄▄▄▄▄▄▄▄▄▄▄▄[0m
[48;2;0;0;0m[38;2;0;0;0m▄▄▄▄▄▄[38;2;255;224;53m▄[48;2;250;190;22m[38;2;255;229;61m▄[48;2;255;225;50m[38;2;255;208;26m▄[48;2;193;74;4m[38;2;255;231;62m▄[48;2;180;51;0m[38;2;254;209;28m▄[48;2;0;0;0m[38;2;0;0;0m▄[48;2;255;215;42m[38;2;255;233;67m▄[48;2;183;53;0m[38;2;209;88;1m▄[48;2;0;0;0m[38;2;0;0;0m▄[48;2;255;205;27m[38;2;255;231;64m▄[48;2;255;221;39m[38;2;255;234;67m▄[48;2;0;0;0m[38;2;0;0;0m▄[48;2;255;222;36m[38;2;255;240;71m▄[48;2;255;239;62m[38;2;255;244;75m▄[48;2;255;244;70m[38;2;255;233;48m▄[48;2;255;242;70m[38;2;255;223;38m▄[48;2;251;176;16m[38;2;253;187;9m▄[48;2;197;66;0m[38;2;210;77;0m▄[48;2;255;246;74m[38;2;255;252;84m▄[48;2;0;0;0m[38;2;0;0;0m▄▄▄[48;2;181;50;0m[38;2;180;48;0m▄[48;2;255;249;79m[38;2;255;251;83m▄[48;2;0;0;0m[38;2;0;0;0m▄▄▄[48;2;193;69;0m[38;2;195;79;5m▄[48;2;255;241;71m[38;2;255;240;72m▄[48;2;0;0;0m[38;2;0;0;0m▄▄[48;2;255;229;59m[38;2;255;232;63m▄[48;2;255;222;52m[38;2;255;224;54m▄[48;2;196;76;1m[38;2;0;0;0m▄[48;2;255;229;60m[38;2;255;225;55m▄[48;2;255;200;18m[38;2;255;228;60m▄[48;2;183;52;0m[38;2;254;217;44m▄[48;2;255;229;60m[38;2;255;228;60m▄[48;2;255;207;23m[38;2;0;0;0m▄[48;2;0;0;0m▄▄▄▄▄▄[0m
[48;2;0;0;0m[38;2;0;0;0m▄▄▄▄▄▄[48;2;255;214;38m[38;2;185;54;0m▄[48;2;255;224;57m[38;2;187;56;0m▄[48;2;255;219;49m[38;2;255;214;40m▄[48;2;231;152;21m[38;2;255;215;48m▄[48;2;182;52;0m[38;2;255;209;39m▄[48;2;0;0;0m[38;2;0;0;0m▄[48;2;255;226;60m[38;2;255;215;50m▄[48;2;255;220;52m[38;2;255;216;47m▄[48;2;255;221;51m[38;2;255;219;47m▄[48;2;255;226;59m[38;2;255;218;48m▄[48;2;255;228;61m[38;2;255;218;51m▄[48;2;0;0;0m[38;2;0;0;0m▄[48;2;255;234;66m[38;2;255;222;55m▄[48;2;255;237;68m[38;2;255;226;59m▄[48;2;255;235;59m[38;2;255;202;28m▄[48;2;255;238;61m[38;2;255;210;27m▄[48;2;255;136;0m[38;2;0;0;0m▄[48;2;200;65;0m[38;2;189;56;0m▄[48;2;255;252;84m[38;2;255;251;83m▄[48;2;0;0;0m[38;2;0;0;0m▄▄▄[48;2;180;49;0m[38;2;183;52;0m▄[48;2;255;252;83m[38;2;255;249;81m▄[48;2;0;0;0m[38;2;0;0;0m▄[38;2;255;0;0m▄▄[48;2;198;85;8m[38;2;200;85;8m▄[48;2;255;234;68m[38;2;255;222;57m▄[48;2;0;0;0m[38;2;0;0;0m▄[48;2;182;51;0m[38;2;183;53;0m▄[48;2;255;224;57m[38;2;255;213;47m▄[48;2;255;221;50m[38;2;255;210;37m▄[48;2;0;0;0m[38;2;178;50;0m▄[48;2;182;53;0m[38;2;240;164;19m▄[48;2;255;222;56m[38;2;255;211;45m▄[48;2;255;223;58m▄[48;2;0;0;0m[38;2;255;199;26m▄[38;2;0;0;0m▄▄▄▄▄▄▄[0m
[48;2;0;0;0m[38;2;0;0;0m▄▄▄▄▄▄[48;2;255;198;24m▄[48;2;255;197;29m[38;2;255;192;21m▄[48;2;185;54;0m[38;2;255;192;25m▄[48;2;255;197;29m[38;2;255;192;22m▄[48;2;255;201;33m[38;2;255;182;0m▄[48;2;0;0;0m[38;2;0;0;0m▄[48;2;255;202;38m[38;2;255;189;20m▄[48;2;229;148;21m[38;2;253;181;14m▄[48;2;0;0;0m[38;2;0;0;0m▄[48;2;255;199;29m[38;2;255;189;19m▄[48;2;255;203;40m[38;2;255;195;26m▄[48;2;0;0;0m[38;2;0;0;0m▄[48;2;255;207;41m[38;2;255;193;24m▄[48;2;255;211;45m[38;2;255;201;33m▄[48;2;255;209;40m[38;2;255;206;35m▄[48;2;255;217;45m[38;2;255;213;39m▄[48;2;255;214;35m[38;2;255;213;34m▄[48;2;184;54;0m[38;2;255;204;0m▄[48;2;255;242;75m[38;2;255;221;47m▄[48;2;255;237;68m[38;2;255;222;49m▄[48;2;255;239;71m[38;2;255;220;44m▄[48;2;255;234;66m[38;2;255;213;36m▄[48;2;185;53;0m[38;2;217;103;4m▄[48;2;255;236;70m[38;2;255;221;49m▄[48;2;255;225;55m[38;2;255;214;45m▄[48;2;255;219;49m[38;2;255;208;39m▄[48;2;255;207;36m[38;2;255;195;24m▄[48;2;0;0;0m[38;2;0;0;0m▄[48;2;255;206;40m[38;2;255;0;0m▄[48;2;255;199;32m[38;2;255;194;23m▄[48;2;255;196;28m[38;2;255;191;23m▄[48;2;255;200;34m[38;2;255;182;0m▄[48;2;0;0;0m[38;2;0;0;0m▄[48;2;187;55;0m[38;2;255;188;9m▄[48;2;255;197;32m[38;2;255;195;21m▄[48;2;255;196;21m[38;2;0;0;0m▄[48;2;253;191;23m▄[48;2;255;196;31m[38;2;255;189;21m▄[48;2;0;0;0m[38;2;255;189;5m▄[38;2;0;0;0m▄▄▄▄▄▄[0m
[48;2;0;0;0m[38;2;0;0;0m▄▄▄▄▄▄▄▄▄▄▄▄▄▄▄▄▄▄▄▄▄▄▄▄▄▄▄▄▄▄▄▄▄▄▄▄▄▄▄▄▄▄▄▄▄▄▄▄▄▄▄[0m
[48;2;0;0;0m[38;2;0;0;0m▄▄▄▄▄▄▄▄▄▄▄▄▄▄▄▄▄▄▄▄▄▄▄▄▄▄▄▄▄▄▄▄▄▄▄▄▄▄▄▄▄▄▄▄▄▄▄▄▄▄▄[0m
[48;2;0;0;0m[38;2;0;0;0m▄▄▄▄▄▄▄▄▄▄▄▄▄▄▄▄▄▄▄▄▄▄▄▄▄▄▄▄▄▄▄▄▄▄▄▄▄▄▄▄▄▄▄▄▄▄▄▄▄▄▄[0m
[48;2;0;0;0m[38;2;0;0;0m▄▄▄▄▄▄▄▄▄▄▄▄▄▄▄▄▄▄▄▄▄▄▄▄▄▄▄▄▄▄▄▄▄▄▄▄▄▄▄▄▄▄▄▄▄▄▄▄▄▄▄[0m
[48;2;0;0;0m[38;2;0;0;0m▄▄▄▄▄▄▄▄▄▄▄▄▄▄▄▄▄▄▄▄▄▄▄▄▄▄▄▄▄▄▄▄▄▄▄▄▄▄▄▄▄▄▄▄▄▄▄▄▄▄▄[0m
[48;2;0;0;0m[38;2;0;0;0m▄▄▄▄▄▄▄▄▄▄▄▄▄▄▄▄▄▄▄▄▄▄▄▄▄▄▄▄▄▄▄▄▄▄▄▄▄▄▄▄▄▄▄▄▄▄▄▄▄▄▄[0m
