[48;2;0;0;0m[38;2;0;0;0m▄▄▄▄▄▄▄▄▄▄▄▄▄▄▄▄▄▄▄▄▄▄▄▄▄▄▄▄▄▄▄▄▄▄▄▄▄▄▄▄▄▄▄▄▄▄▄▄▄▄▄[0m
[48;2;0;0;0m[38;2;0;0;0m▄▄▄▄▄▄▄▄▄▄▄▄▄▄▄▄▄▄▄▄▄▄▄▄▄▄▄▄▄▄▄▄▄▄▄▄▄▄▄▄▄▄▄▄▄▄▄▄▄▄▄[0m
[48;2;0;0;0m[38;2;0;0;0m▄▄▄▄▄▄▄▄▄▄▄▄▄▄▄▄▄▄▄▄▄▄▄▄▄▄▄▄▄▄▄▄▄▄▄▄▄▄▄▄▄▄▄▄▄▄▄▄▄▄▄[0m
[48;2;0;0;0m[38;2;0;0;0m▄▄▄▄▄▄▄▄▄▄▄▄▄▄▄▄▄▄▄▄▄▄▄▄▄▄▄▄▄▄▄▄▄▄▄▄▄▄▄▄▄▄▄▄▄▄▄▄▄▄▄[0m
[48;2;0;0;0m[38;2;0;0;0m▄▄▄▄▄▄▄▄▄▄▄▄▄▄▄▄▄▄▄▄▄▄▄▄▄▄▄▄▄▄▄▄▄▄▄▄▄▄▄▄▄▄▄▄▄▄▄▄▄▄▄[0m
[48;2;0;0;0m[38;2;0;0;0m▄▄▄▄▄▄▄▄▄▄▄▄▄▄▄▄▄▄▄▄▄▄▄▄▄▄▄[38;2;88;11;0m▄[38;2;104;18;0m▄[38;2;0;0;0m▄▄[38;2;92;14;0m▄[38;2;109;21;0m▄[38;2;146;52;0m▄[38;2;100;17;0m▄[38;2;238;204;37m▄[38;2;255;242;66m▄[38;2;199;126;8m▄[38;2;255;249;79m▄[48;2;97;16;0m[38;2;118;25;0m▄[48;2;108;21;0m[38;2;255;238;68m▄[48;2;0;0;0m[38;2;0;0;0m▄▄▄▄▄▄▄▄▄▄[0m
[48;2;0;0;0m[38;2;0;0;0m▄▄▄▄▄▄▄[38;2;104;19;0m▄[38;2;105;20;0m▄[38;2;104;21;0m▄[38;2;0;0;0m▄[38;2;97;16;0m▄[38;2;160;60;0m▄[38;2;236;187;28m▄[38;2;0;0;0m▄[38;2;111;22;0m▄[48;2;102;12;0m[38;2;255;231;63m▄[48;2;0;0;0m[38;2;255;218;36m▄[48;2;103;19;0m[38;2;191;114;12m▄[48;2;106;21;0m[38;2;255;233;68m▄[48;2;107;21;0m[38;2;255;234;67m▄[48;2;108;21;0m[38;2;255;232;64m▄[48;2;132;47;0m[38;2;255;227;56m▄[48;2;110;21;0m[38;2;115;23;0m▄[48;2;255;219;45m[38;2;255;234;68m▄[48;2;0;0;0m[38;2;0;0;0m▄▄[48;2;102;18;0m[38;2;103;18;0m▄[48;2;255;247;76m[38;2;255;245;74m▄[48;2;255;249;78m[38;2;255;249;81m▄[48;2;0;0;0m[38;2;0;0;0m▄[48;2;97;16;0m[38;2;98;16;0m▄[48;2;170;89;5m[38;2;171;95;9m▄[48;2;255;251;81m[38;2;255;251;83m▄[48;2;102;18;0m[38;2;104;18;0m▄[48;2;250;230;68m[38;2;254;236;70m▄[48;2;255;250;81m[38;2;255;251;83m▄[48;2;108;20;0m[38;2;103;18;0m▄[48;2;255;248;78m[38;2;180;111;18m▄[48;2;249;195;29m[38;2;255;234;68m▄[48;2;255;227;51m[38;2;0;0;0m▄[48;2;0;0;0m▄▄▄▄▄▄▄▄▄▄[0m
[48;2;0;0;0m[38;2;0;0;0m▄▄▄▄▄▄[48;2;111;22;0m[38;2;255;222;50m▄[48;2;255;229;61m[38;2;255;229;62m▄[48;2;255;230;61m[38;2;104;19;0m▄[48;2;255;233;65m[38;2;214;155;19m▄[48;2;255;222;50m[38;2;255;198;28m▄[48;2;102;17;0m[38;2;99;17;0m▄[48;2;255;230;62m[38;2;255;223;55m▄[48;2;255;230;63m[38;2;255;226;59m▄[48;2;0;0;0m[38;2;255;219;49m▄[48;2;112;23;0m[38;2;255;221;51m▄[48;2;255;231;66m[38;2;255;224;60m▄[48;2;255;211;29m[38;2;255;211;29m▄[48;2;178;75;1m[38;2;131;35;0m▄[48;2;255;229;64m[38;2;255;221;56m▄[48;2;111;23;0m[38;2;255;218;49m▄[48;2;108;21;0m[38;2;255;217;46m▄[48;2;100;18;0m[38;2;255;208;32m▄[48;2;114;22;0m[38;2;112;22;0m▄[48;2;255;228;62m[38;2;255;217;52m▄[48;2;0;0;0m[38;2;127;0;0m▄[38;2;102;18;0m▄[48;2;103;18;0m[38;2;104;19;0m▄[48;2;255;236;66m[38;2;255;225;56m▄[48;2;255;238;69m[38;2;255;224;55m▄[48;2;0;0;0m[38;2;107;20;0m▄[48;2;98;17;0m[38;2;108;21;0m▄[48;2;171;105;20m[38;2;150;67;3m▄[48;2;255;250;81m[38;2;255;245;77m▄[48;2;107;20;0m[38;2;255;227;51m▄[48;2;255;242;72m[38;2;255;237;69m▄[48;2;255;244;71m[38;2;113;24;0m▄[48;2;115;23;0m[38;2;215;155;25m▄[48;2;255;225;57m[38;2;255;211;39m▄[48;2;255;211;39m[38;2;118;26;0m▄[48;2;255;208;38m[38;2;255;198;27m▄[48;2;0;0;0m[38;2;255;170;0m▄[38;2;0;0;0m▄▄▄▄▄▄▄▄▄[0m
[48;2;0;0;0m[38;2;0;0;0m▄▄▄▄▄[38;2;72;12;0m▄[48;2;217;138;11m[38;2;104;19;0m▄[48;2;255;223;56m[38;2;113;23;0m▄[48;2;255;222;55m[38;2;255;195;15m▄[48;2;255;220;52m[38;2;255;205;32m▄[48;2;255;212;41m[38;2;255;209;46m▄[48;2;96;16;0m[38;2;162;90;9m▄[48;2;255;213;45m[38;2;255;205;37m▄[48;2;255;218;52m[38;2;255;205;40m▄[48;2;255;215;46m[38;2;0;0;0m▄[48;2;254;212;43m[38;2;108;21;0m▄[48;2;255;213;48m[38;2;255;200;36m▄[48;2;255;211;32m[38;2;255;197;26m▄[48;2;116;24;0m[38;2;114;22;0m▄[48;2;255;208;44m[38;2;255;196;33m▄[48;2;106;20;0m[38;2;255;194;28m▄[48;2;107;21;0m[38;2;255;193;28m▄[48;2;107;20;0m[38;2;255;191;23m▄[48;2;112;22;0m[38;2;112;23;0m▄[48;2;255;203;39m[38;2;255;192;24m▄[48;2;255;199;32m[38;2;255;194;25m▄[48;2;255;199;34m[38;2;255;195;24m▄[48;2;238;181;25m[38;2;255;195;15m▄[48;2;255;209;41m[38;2;0;0;0m▄[48;2;255;214;48m▄[48;2;255;219;51m▄[48;2;255;220;49m▄[48;2;0;0;0m▄[48;2;255;201;23m▄[48;2;255;216;42m▄[48;2;0;0;0m▄▄▄▄▄▄▄▄▄▄▄▄▄▄▄▄[0m
[48;2;0;0;0m[38;2;0;0;0m▄▄▄▄▄▄[48;2;254;197;24m▄[48;2;255;200;33m[38;2;255;190;20m▄[48;2;141;49;0m[38;2;255;188;21m▄[48;2;255;193;24m[38;2;255;189;19m▄[48;2;255;197;30m[38;2;0;0;0m▄[48;2;0;0;0m▄[48;2;255;193;24m▄[48;2;255;193;27m▄[48;2;0;0;0m▄[48;2;112;23;0m▄[48;2;255;191;22m▄[48;2;255;191;16m▄[48;2;119;17;0m▄[48;2;255;193;20m▄[48;2;0;0;0m▄▄▄▄▄▄▄▄▄▄▄▄▄▄▄▄▄▄▄▄▄▄▄▄▄▄▄▄▄▄▄[0m
[48;2;0;0;0m[38;2;0;0;0m▄▄▄▄▄▄▄▄▄▄▄▄▄▄▄▄▄▄▄▄▄▄▄▄▄▄▄▄▄▄▄▄▄▄▄▄▄▄▄▄▄▄▄▄▄▄▄▄▄▄▄[0m
[48;2;0;0;0m[38;2;0;0;0m▄▄▄▄▄▄▄▄▄▄▄▄▄▄▄▄▄▄▄▄▄▄▄▄▄▄▄▄▄▄▄▄▄▄▄▄▄▄▄▄▄▄▄▄▄▄▄▄▄▄▄[0m
[48;2;0;0;0m[38;2;0;0;0m▄▄▄▄▄▄▄▄▄▄▄▄▄▄▄▄▄▄▄▄▄▄▄▄▄▄▄▄▄▄▄▄▄▄▄▄▄▄▄▄▄▄▄▄▄▄▄▄▄▄▄[0m
[48;2;0;0;0m[38;2;0;0;0m▄▄▄▄▄▄▄▄▄▄▄▄▄▄▄▄▄▄▄▄▄▄▄▄▄▄▄▄▄▄▄▄▄▄▄▄▄▄▄▄▄▄▄▄▄▄▄▄▄▄▄[0m
[48;2;0;0;0m[38;2;0;0;0m▄▄▄▄▄▄▄▄▄▄▄▄▄▄▄▄▄▄▄▄▄▄▄▄▄▄▄▄▄▄▄▄▄▄▄▄▄▄▄▄▄▄▄▄▄▄▄▄▄▄▄[0m
