[48;2;0;0;0m[38;2;0;0;0m▄▄▄▄▄▄▄▄▄▄▄▄▄▄▄▄▄▄▄▄▄▄▄▄▄▄▄▄▄▄▄▄▄▄▄▄▄▄▄▄▄▄▄▄▄▄▄▄▄▄▄[0m
[48;2;0;0;0m[38;2;0;0;0m▄▄▄▄▄▄▄▄▄▄▄▄▄▄▄▄▄▄▄▄▄▄▄▄▄▄▄▄▄▄▄▄▄▄▄▄▄▄▄▄▄▄▄▄▄▄▄▄▄▄▄[0m
[48;2;0;0;0m[38;2;0;0;0m▄▄▄▄▄▄▄▄▄▄▄▄▄▄▄▄▄▄▄▄▄▄▄▄▄▄▄▄▄▄▄▄▄▄▄▄▄▄▄▄▄▄▄▄▄▄▄▄▄▄▄[0m
[48;2;0;0;0m[38;2;0;0;0m▄▄▄▄▄▄▄▄▄▄▄▄▄▄▄▄▄▄▄▄▄▄▄▄▄▄▄▄▄▄▄▄▄▄▄▄▄▄▄▄▄▄▄▄▄▄▄▄▄▄▄[0m
[48;2;0;0;0m[38;2;0;0;0m▄▄▄▄▄▄▄▄▄▄▄▄▄▄▄▄▄▄▄▄▄▄▄▄▄▄▄▄▄▄▄▄▄▄▄▄▄▄▄▄▄▄▄▄▄▄▄▄▄▄▄[0m
[48;2;0;0;0m[38;2;0;0;0m▄▄▄▄▄▄▄▄[38;2;127;0;0m▄[38;2;92;17;0m▄[38;2;92;15;0m▄[38;2;68;9;0m▄[38;2;0;0;0m▄[38;2;85;13;0m▄[38;2;73;10;0m▄[38;2;0;0;0m▄[38;2;85;13;0m▄[38;2;81;10;0m▄[38;2;0;0;0m▄[38;2;72;12;0m▄[38;2;0;0;0m▄▄▄▄▄▄▄▄▄▄▄▄▄▄▄▄▄▄▄▄▄▄▄▄▄▄▄▄▄▄▄[0m
[48;2;0;0;0m[38;2;0;0;0m▄▄▄▄▄▄▄[48;2;255;208;27m[38;2;255;220;48m▄[48;2;255;231;63m[38;2;255;225;58m▄[48;2;255;230;60m[38;2;106;20;0m▄[48;2;255;231;63m[38;2;115;28;0m▄[48;2;99;16;0m[38;2;93;16;0m▄[48;2;255;230;56m[38;2;255;222;51m▄[48;2;255;237;65m[38;2;255;234;66m▄[48;2;92;12;0m[38;2;99;16;0m▄[48;2;255;191;0m[38;2;100;20;0m▄[48;2;255;251;81m[38;2;255;250;82m▄[48;2;96;16;0m[38;2;95;15;0m▄[48;2;255;243;68m[38;2;255;239;62m▄[48;2;255;251;81m[38;2;255;251;82m▄[48;2;255;250;81m[38;2;136;64;4m▄[48;2;255;250;79m[38;2;255;203;12m▄[48;2;255;240;61m[38;2;252;199;12m▄[48;2;255;178;0m[38;2;255;178;0m▄[48;2;255;250;80m[38;2;255;252;84m▄[48;2;90;15;0m[38;2;91;15;0m▄[48;2;0;0;0m[38;2;0;0;0m▄▄▄[48;2;253;176;17m[38;2;255;243;76m▄[48;2;82;12;0m[38;2;62;8;0m▄[48;2;0;0;0m[38;2;0;0;0m▄▄[48;2;127;0;0m[38;2;255;182;0m▄[48;2;104;24;0m[38;2;255;234;69m▄[48;2;69;11;0m[38;2;131;32;0m▄[48;2;0;0;0m[38;2;0;0;0m▄[48;2;84;13;0m[38;2;255;229;62m▄[48;2;89;14;0m[38;2;255;231;64m▄[48;2;0;0;0m[38;2;0;0;0m▄[48;2;95;17;0m[38;2;255;228;57m▄[48;2;84;13;0m[38;2;255;230;63m▄[48;2;0;0;0m[38;2;0;0;0m▄[48;2;76;12;0m[38;2;254;219;44m▄[48;2;92;16;0m[38;2;255;232;65m▄[48;2;69;11;0m[38;2;0;0;0m▄[48;2;0;0;0m▄▄▄▄▄[0m
[48;2;0;0;0m[38;2;0;0;0m▄▄▄▄▄▄▄[38;2;255;195;23m▄[48;2;255;214;38m[38;2;255;197;29m▄[48;2;255;218;50m[38;2;97;16;0m▄[48;2;255;218;49m[38;2;255;205;39m▄[48;2;109;23;0m[38;2;255;205;37m▄[48;2;247;194;35m[38;2;255;208;40m▄[48;2;255;227;62m[38;2;255;212;47m▄[48;2;255;231;64m[38;2;93;15;0m▄[48;2;255;237;70m[38;2;0;0;0m▄[48;2;255;242;75m[38;2;255;230;64m▄[48;2;94;14;0m[38;2;94;15;0m▄[48;2;255;229;51m[38;2;255;219;47m▄[48;2;255;251;83m[38;2;255;247;77m▄[48;2;255;248;76m[38;2;91;14;0m▄[48;2;255;250;80m[38;2;0;0;0m▄[48;2;107;30;0m▄[48;2;255;178;0m▄[48;2;255;252;84m[38;2;255;250;82m▄[48;2;91;16;0m[38;2;92;16;0m▄[48;2;0;0;0m[38;2;0;0;0m▄▄▄[48;2;255;237;71m[38;2;255;227;62m▄[48;2;69;11;0m[38;2;77;14;0m▄[48;2;0;0;0m[38;2;0;0;0m▄▄[48;2;233;119;0m[38;2;249;151;10m▄[48;2;255;229;64m[38;2;255;219;53m▄[48;2;90;16;0m[38;2;49;0;0m▄[48;2;0;0;0m[38;2;0;0;0m▄[48;2;255;224;57m[38;2;255;217;49m▄[48;2;255;226;58m▄[48;2;0;0;0m[38;2;0;0;0m▄▄[48;2;255;228;61m[38;2;251;206;37m▄[48;2;252;205;32m[38;2;255;221;57m▄[48;2;255;229;62m[38;2;255;216;46m▄[48;2;255;200;18m[38;2;0;0;0m▄[48;2;0;0;0m▄▄▄▄▄▄[0m
[48;2;0;0;0m[38;2;0;0;0m▄▄▄▄▄▄▄▄[48;2;255;192;24m▄[48;2;255;190;23m▄[48;2;255;193;25m▄[48;2;66;11;0m▄[48;2;255;196;24m▄[48;2;255;200;32m▄[48;2;93;17;0m▄[48;2;0;0;0m▄[48;2;255;214;47m▄[48;2;99;18;0m▄[48;2;255;221;50m▄[48;2;255;234;67m[38;2;255;214;26m▄[48;2;255;234;66m[38;2;255;222;37m▄[48;2;255;237;67m[38;2;255;222;43m▄[48;2;255;235;62m[38;2;255;206;23m▄[48;2;0;0;0m[38;2;0;0;0m▄[48;2;255;238;72m[38;2;255;222;50m▄[48;2;255;225;57m[38;2;255;215;42m▄[48;2;255;220;49m[38;2;255;214;41m▄[48;2;255;212;37m[38;2;255;205;35m▄[48;2;255;174;20m[38;2;255;181;20m▄[48;2;255;213;49m[38;2;255;201;32m▄[48;2;124;39;2m[38;2;255;198;31m▄[48;2;107;28;2m[38;2;255;194;28m▄[48;2;102;23;0m[38;2;255;195;24m▄[48;2;255;191;0m[38;2;0;0;0m▄[48;2;255;205;41m[38;2;255;193;20m▄[48;2;125;48;4m[38;2;255;193;27m▄[48;2;91;14;0m[38;2;255;192;27m▄[48;2;255;204;38m[38;2;255;194;27m▄[48;2;255;204;35m[38;2;255;182;0m▄[48;2;0;0;0m[38;2;85;15;0m▄[48;2;94;17;0m[38;2;255;194;26m▄[48;2;255;207;42m[38;2;255;194;24m▄[48;2;255;206;36m[38;2;0;0;0m▄[48;2;255;208;42m[38;2;255;195;28m▄[48;2;77;11;0m[38;2;255;194;25m▄[48;2;0;0;0m[38;2;0;0;0m▄▄▄▄▄▄[0m
[48;2;0;0;0m[38;2;0;0;0m▄▄▄▄▄▄▄▄▄▄▄▄▄▄▄▄▄▄▄▄▄▄▄▄▄▄▄▄▄▄▄▄▄▄▄▄▄▄▄▄▄▄▄[48;2;255;191;15m▄[48;2;255;190;18m▄[48;2;255;182;4m▄[48;2;0;0;0m▄▄▄▄▄[0m
[48;2;0;0;0m[38;2;0;0;0m▄▄▄▄▄▄▄▄▄▄▄▄▄▄▄▄▄▄▄▄▄▄▄▄▄▄▄▄▄▄▄▄▄▄▄▄▄▄▄▄▄▄▄▄▄▄▄▄▄▄▄[0m
[48;2;0;0;0m[38;2;0;0;0m▄▄▄▄▄▄▄▄▄▄▄▄▄▄▄▄▄▄▄▄▄▄▄▄▄▄▄▄▄▄▄▄▄▄▄▄▄▄▄▄▄▄▄▄▄▄▄▄▄▄▄[0m
[48;2;0;0;0m[38;2;0;0;0m▄▄▄▄▄▄▄▄▄▄▄▄▄▄▄▄▄▄▄▄▄▄▄▄▄▄▄▄▄▄▄▄▄▄▄▄▄▄▄▄▄▄▄▄▄▄▄▄▄▄▄[0m
[48;2;0;0;0m[38;2;0;0;0m▄▄▄▄▄▄▄▄▄▄▄▄▄▄▄▄▄▄▄▄▄▄▄▄▄▄▄▄▄▄▄▄▄▄▄▄▄▄▄▄▄▄▄▄▄▄▄▄▄▄▄[0m
[48;2;0;0;0m[38;2;0;0;0m▄▄▄▄▄▄▄▄▄▄▄▄▄▄▄▄▄▄▄▄▄▄▄▄▄▄▄▄▄▄▄▄▄▄▄▄▄▄▄▄▄▄▄▄▄▄▄▄▄▄▄[0m
