[48;2;0;0;0m[38;2;0;0;0m▄▄▄▄▄▄▄▄▄▄▄▄▄▄▄▄▄▄▄▄▄▄▄▄▄▄▄▄▄▄▄▄▄▄▄▄▄▄▄▄▄▄▄▄▄▄▄▄▄▄▄[0m
[48;2;0;0;0m[38;2;0;0;0m▄▄▄▄▄▄▄▄▄▄▄▄▄▄▄▄▄▄▄▄▄▄▄▄▄▄▄▄▄▄▄▄▄▄▄▄▄▄▄▄▄▄▄▄▄▄▄▄▄▄▄[0m
[48;2;0;0;0m[38;2;0;0;0m▄▄▄▄▄▄▄▄▄▄▄▄▄▄▄▄▄▄▄▄▄▄▄▄▄▄▄▄▄▄▄▄▄▄▄▄▄▄▄▄▄▄▄▄▄▄▄▄▄▄▄[0m
[48;2;0;0;0m[38;2;0;0;0m▄▄▄▄▄▄▄▄▄▄▄▄▄▄▄▄▄▄▄▄▄▄▄▄▄▄▄▄▄▄▄▄▄▄▄▄▄▄▄▄▄▄▄▄▄▄▄▄▄▄▄[0m
[48;2;0;0;0m[38;2;0;0;0m▄▄▄▄▄▄▄▄▄▄▄▄▄▄▄▄▄▄▄▄▄▄▄▄▄▄▄▄▄▄▄▄▄▄▄▄▄▄▄▄▄▄▄▄▄▄▄▄▄▄▄[0m
[48;2;0;0;0m[38;2;0;0;0m▄▄▄▄▄▄▄▄▄▄▄▄▄▄▄▄▄▄▄▄▄▄▄▄▄▄▄[38;2;157;40;0m▄[38;2;166;44;0m▄[38;2;0;0;0m▄[38;2;146;34;0m▄[38;2;161;42;0m▄[38;2;216;131;18m▄[38;2;154;39;0m▄[38;2;172;49;0m▄[48;2;155;41;0m[38;2;255;247;74m▄[48;2;163;43;0m[38;2;172;49;0m▄[48;2;153;40;0m[38;2;255;250;79m▄[48;2;163;43;0m[38;2;179;53;0m▄[48;2;173;49;0m[38;2;255;246;73m▄[48;2;0;0;0m[38;2;0;0;0m▄▄▄▄▄▄▄▄▄▄▄[0m
[48;2;0;0;0m[38;2;0;0;0m▄▄▄▄▄▄▄▄▄▄▄▄[38;2;158;41;0m▄[38;2;164;45;0m▄[38;2;0;0;0m▄[38;2;155;39;0m▄[38;2;243;194;29m▄[38;2;255;226;52m▄[48;2;156;41;0m[38;2;166;44;0m▄[48;2;159;42;0m[38;2;255;231;61m▄[48;2;161;43;0m[38;2;255;233;66m▄[38;2;255;233;67m▄[48;2;158;42;0m[38;2;255;231;61m▄[48;2;165;44;0m[38;2;171;47;0m▄[48;2;253;208;36m[38;2;255;233;67m▄[48;2;0;0;0m[38;2;0;0;0m▄▄[48;2;163;43;0m[38;2;164;43;0m▄[48;2;255;238;68m[38;2;255;235;70m▄[48;2;255;222;37m[38;2;255;225;49m▄[48;2;148;37;0m[38;2;148;37;0m▄[48;2;167;44;0m[38;2;168;46;0m▄[48;2;255;251;82m[38;2;255;251;82m▄[48;2;155;39;0m[38;2;156;39;0m▄[48;2;176;51;0m[38;2;176;52;0m▄[48;2;255;250;80m[38;2;255;251;83m▄[48;2;162;42;0m[38;2;162;42;0m▄[48;2;255;249;79m[38;2;254;232;58m▄[48;2;255;249;80m[38;2;255;243;75m▄[48;2;0;0;0m[38;2;0;0;0m▄▄▄▄▄▄▄▄▄▄▄▄[0m
[48;2;0;0;0m[38;2;0;0;0m▄▄▄▄▄▄[48;2;151;38;0m[38;2;159;41;0m▄[48;2;162;42;0m[38;2;255;226;56m▄[48;2;227;160;26m[38;2;255;229;60m▄[48;2;255;229;60m[38;2;161;44;0m▄[48;2;255;224;52m[38;2;255;228;59m▄[48;2;0;0;0m[38;2;255;217;39m▄[48;2;165;44;0m[38;2;168;47;0m▄[48;2;255;234;67m[38;2;255;229;64m▄[48;2;255;221;44m[38;2;237;185;35m▄[48;2;156;40;0m[38;2;176;62;2m▄[48;2;255;230;60m[38;2;255;223;55m▄[48;2;255;231;63m[38;2;255;223;57m▄[48;2;166;44;0m[38;2;166;45;0m▄[48;2;255;230;63m[38;2;255;222;56m▄[48;2;230;156;18m[38;2;255;220;52m▄[48;2;162;43;0m[38;2;255;218;49m▄[48;2;155;40;0m[38;2;255;213;42m▄[48;2;167;45;0m[38;2;167;45;0m▄[48;2;255;226;60m[38;2;255;215;50m▄[48;2;0;0;0m[38;2;127;0;0m▄[38;2;0;0;0m▄[48;2;164;43;0m[38;2;165;44;0m▄[48;2;255;224;58m[38;2;255;212;45m▄[48;2;255;225;39m[38;2;178;70;5m▄[48;2;148;37;0m[38;2;191;95;12m▄[48;2;168;46;0m[38;2;170;48;0m▄[48;2;255;244;75m[38;2;255;229;60m▄[48;2;161;42;0m[38;2;255;231;63m▄[48;2;180;60;3m[38;2;255;236;67m▄[48;2;255;248;78m[38;2;170;48;0m▄[48;2;171;47;0m[38;2;254;216;38m▄[48;2;255;237;68m[38;2;255;214;33m▄[48;2;230;162;28m[38;2;0;0;0m▄[48;2;255;212;40m▄[48;2;0;0;0m▄▄▄▄▄▄▄▄▄▄▄[0m
[48;2;0;0;0m[38;2;0;0;0m▄▄▄▄▄▄[48;2;162;43;0m▄[48;2;255;226;57m[38;2;218;127;9m▄[48;2;255;225;57m[38;2;255;214;42m▄[48;2;255;216;44m[38;2;255;216;46m▄[48;2;255;209;34m[38;2;255;216;50m▄[48;2;0;0;0m[38;2;255;210;41m▄[48;2;165;45;0m[38;2;165;44;0m▄[48;2;255;221;56m[38;2;255;210;44m▄[48;2;255;220;54m[38;2;255;205;33m▄[48;2;255;218;51m[38;2;156;40;0m▄[48;2;255;217;50m[38;2;254;197;32m▄[48;2;255;213;46m[38;2;255;202;37m▄[48;2;167;45;0m[38;2;166;45;0m▄[48;2;255;211;45m[38;2;255;199;34m▄[48;2;230;164;26m[38;2;255;194;30m▄[48;2;160;42;0m[38;2;255;194;28m▄[48;2;161;42;0m[38;2;255;193;26m▄[48;2;167;45;0m[38;2;171;47;0m▄[48;2;255;201;38m[38;2;255;192;24m▄[48;2;255;196;29m[38;2;255;192;23m▄[48;2;255;195;29m[38;2;255;193;19m▄[48;2;174;48;0m[38;2;0;0;0m▄[48;2;255;198;31m▄[48;2;255;201;34m▄[48;2;255;204;36m▄[48;2;255;212;14m▄[48;2;0;0;0m▄▄▄▄▄▄▄▄▄▄▄▄▄▄▄▄▄▄▄[0m
[48;2;0;0;0m[38;2;0;0;0m▄▄▄▄▄▄[48;2;157;41;0m[38;2;255;0;0m▄[48;2;181;70;4m[38;2;255;196;25m▄[48;2;255;194;21m[38;2;255;195;30m▄[48;2;160;42;0m[38;2;255;192;25m▄[48;2;253;194;28m▄[48;2;255;202;35m[38;2;255;193;15m▄[48;2;166;45;0m[38;2;170;42;0m▄[48;2;255;198;33m[38;2;255;192;19m▄[48;2;255;195;26m[38;2;255;196;19m▄[48;2;157;40;0m[38;2;0;0;0m▄[48;2;250;180;20m▄[48;2;255;193;24m▄[48;2;166;42;0m▄[48;2;255;192;19m▄[48;2;255;191;19m▄[48;2;0;0;0m▄▄▄▄▄▄▄▄▄▄▄▄▄▄▄▄▄▄▄▄▄▄▄▄▄▄▄▄▄▄[0m
[48;2;0;0;0m[38;2;0;0;0m▄▄▄▄▄▄▄▄▄▄▄▄▄▄▄▄▄▄▄▄▄▄▄▄▄▄▄▄▄▄▄▄▄▄▄▄▄▄▄▄▄▄▄▄▄▄▄▄▄▄▄[0m
[48;2;0;0;0m[38;2;0;0;0m▄▄▄▄▄▄▄▄▄▄▄▄▄▄▄▄▄▄▄▄▄▄▄▄▄▄▄▄▄▄▄▄▄▄▄▄▄▄▄▄▄▄▄▄▄▄▄▄▄▄▄[0m
[48;2;0;0;0m[38;2;0;0;0m▄▄▄▄▄▄▄▄▄▄▄▄▄▄▄▄▄▄▄▄▄▄▄▄▄▄▄▄▄▄▄▄▄▄▄▄▄▄▄▄▄▄▄▄▄▄▄▄▄▄▄[0m
[48;2;0;0;0m[38;2;0;0;0m▄▄▄▄▄▄▄▄▄▄▄▄▄▄▄▄▄▄▄▄▄▄▄▄▄▄▄▄▄▄▄▄▄▄▄▄▄▄▄▄▄▄▄▄▄▄▄▄▄▄▄[0m
[48;2;0;0;0m[38;2;0;0;0m▄▄▄▄▄▄▄▄▄▄▄▄▄▄▄▄▄▄▄▄▄▄▄▄▄▄▄▄▄▄▄▄▄▄▄▄▄▄▄▄▄▄▄▄▄▄▄▄▄▄▄[0m
