[48;2;0;0;0m[38;2;0;0;0m▄▄▄▄▄▄▄▄▄▄▄▄▄▄▄▄▄▄▄▄▄▄▄▄▄▄▄▄▄▄▄▄▄▄▄▄▄▄▄▄▄▄▄▄▄▄▄▄▄▄▄[0m
[48;2;0;0;0m[38;2;0;0;0m▄▄▄▄▄▄▄▄▄▄▄▄▄▄▄▄▄▄▄▄▄▄▄▄▄▄▄▄▄▄▄▄▄▄▄▄▄▄▄▄▄▄▄▄▄▄▄▄▄▄▄[0m
[48;2;0;0;0m[38;2;0;0;0m▄▄▄▄▄▄▄▄▄▄▄▄▄▄▄▄▄▄▄▄▄▄▄▄▄▄▄▄▄▄▄▄▄▄▄▄▄▄▄▄▄▄▄▄▄▄▄▄▄▄▄[0m
[48;2;0;0;0m[38;2;0;0;0m▄▄▄▄▄▄▄▄▄▄▄▄▄▄▄▄▄▄▄▄▄▄▄▄▄▄▄▄▄▄▄▄▄▄▄▄▄▄▄▄▄▄▄▄▄▄▄▄▄▄▄[0m
[48;2;0;0;0m[38;2;0;0;0m▄▄▄▄▄▄▄▄▄▄▄▄▄▄▄▄▄▄▄▄▄▄▄▄▄▄▄▄▄▄▄▄▄▄▄▄▄▄▄▄▄▄▄▄▄▄▄▄▄▄▄[0m
[48;2;0;0;0m[38;2;0;0;0m▄▄▄▄▄▄▄▄▄▄▄[38;2;255;244;71m▄[48;2;135;32;0m[38;2;214;159;31m▄[48;2;128;28;0m[38;2;255;248;78m▄[48;2;116;24;0m[38;2;135;32;0m▄[48;2;0;0;0m[38;2;255;247;75m▄[38;2;133;31;0m▄[38;2;211;118;4m▄[38;2;252;211;35m▄[38;2;127;29;0m▄[38;2;123;28;0m▄[38;2;121;27;0m▄[38;2;119;25;0m▄[38;2;117;25;0m▄[38;2;107;26;0m▄[38;2;0;0;0m▄▄▄▄▄▄▄▄▄▄▄▄▄▄▄▄▄▄▄▄▄▄▄▄▄▄[0m
[48;2;0;0;0m[38;2;0;0;0m▄▄▄▄▄▄▄▄▄▄▄[48;2;255;222;33m▄[48;2;255;249;80m[38;2;147;46;1m▄[48;2;150;44;0m[38;2;255;250;81m▄[48;2;127;28;0m[38;2;136;31;0m▄[48;2;255;250;81m[38;2;255;251;83m▄[48;2;139;35;0m[38;2;255;250;82m▄[48;2;196;89;0m[38;2;255;250;81m▄[48;2;255;249;78m[38;2;255;250;79m▄[48;2;136;34;0m[38;2;135;33;0m▄[48;2;255;247;79m[38;2;255;240;72m▄[48;2;255;241;72m[38;2;131;30;0m▄[48;2;255;238;69m[38;2;124;27;0m▄[48;2;136;33;0m[38;2;123;27;0m▄[48;2;255;230;61m[38;2;255;232;65m▄[48;2;133;31;0m[38;2;138;34;0m▄[48;2;108;21;0m[38;2;109;21;0m▄[48;2;0;0;0m[38;2;0;0;0m▄[48;2;139;32;0m[38;2;255;232;63m▄[48;2;125;28;0m[38;2;255;231;63m▄[48;2;113;23;0m[38;2;118;24;0m▄[48;2;0;0;0m[38;2;0;0;0m▄▄[38;2;254;226;56m▄[38;2;126;27;0m▄[38;2;108;20;0m▄[38;2;133;33;0m▄[38;2;122;26;0m▄[38;2;114;24;0m▄[38;2;120;20;0m▄[38;2;0;0;0m▄▄▄▄▄▄▄▄▄▄▄[0m
[48;2;0;0;0m[38;2;0;0;0m▄▄▄▄▄▄▄▄▄▄▄[48;2;255;214;36m▄[48;2;244;194;38m[38;2;255;210;37m▄[48;2;255;233;62m[38;2;255;206;32m▄[48;2;232;150;10m[38;2;0;0;0m▄[48;2;255;249;80m[38;2;255;233;60m▄[48;2;135;31;0m[38;2;134;31;0m▄[48;2;120;25;0m[38;2;119;25;0m▄[48;2;255;244;77m[38;2;255;228;63m▄[48;2;135;32;0m[38;2;134;31;0m▄[48;2;255;232;65m[38;2;255;216;49m▄[48;2;255;227;59m[38;2;132;29;0m▄[48;2;255;221;50m[38;2;121;26;0m▄[48;2;133;30;0m[38;2;119;25;0m▄[48;2;255;224;58m[38;2;255;212;47m▄[48;2;138;34;0m[38;2;138;34;0m▄[48;2;109;21;0m[38;2;112;23;0m▄[48;2;0;0;0m[38;2;0;0;0m▄[48;2;255;225;56m[38;2;255;215;45m▄[48;2;255;227;57m[38;2;255;219;48m▄[48;2;118;24;0m[38;2;117;24;0m▄[48;2;0;0;0m[38;2;0;0;0m▄▄[48;2;255;233;66m[38;2;255;225;60m▄[48;2;130;28;0m[38;2;132;31;0m▄[48;2;108;20;0m[38;2;106;16;0m▄[48;2;255;231;63m[38;2;255;227;59m▄[48;2;255;228;59m[38;2;255;225;54m▄[48;2;124;27;0m[38;2;116;24;0m▄[48;2;255;230;61m[38;2;255;221;45m▄[48;2;199;121;9m[38;2;255;228;60m▄[48;2;116;24;0m[38;2;131;30;0m▄[48;2;214;146;13m[38;2;255;232;65m▄[48;2;124;27;0m[38;2;254;222;49m▄[48;2;119;25;0m[38;2;116;25;0m▄[48;2;0;0;0m[38;2;0;0;0m▄▄▄▄▄▄[0m
[48;2;0;0;0m[38;2;0;0;0m▄▄▄▄▄▄▄▄▄▄▄▄▄▄▄▄▄▄▄▄[48;2;255;203;35m▄[48;2;255;199;32m▄[48;2;255;197;30m▄[48;2;136;31;0m▄[48;2;255;198;35m[38;2;255;195;21m▄[48;2;255;195;29m[38;2;255;192;23m▄[48;2;220;149;19m[38;2;255;192;25m▄[48;2;128;29;0m[38;2;168;61;0m▄[48;2;255;206;39m[38;2;255;194;26m▄[48;2;255;207;38m[38;2;255;195;31m▄[48;2;121;25;0m[38;2;255;194;29m▄[48;2;113;25;0m[38;2;254;193;25m▄[48;2;0;0;0m[38;2;130;29;0m▄[48;2;255;216;50m[38;2;255;203;39m▄[48;2;133;31;0m[38;2;137;32;0m▄[48;2;111;15;0m[38;2;121;26;0m▄[48;2;255;220;53m[38;2;255;209;44m▄[48;2;255;219;48m[38;2;255;208;37m▄[48;2;118;25;0m[38;2;114;23;0m▄[48;2;0;0;0m[38;2;0;0;0m▄[48;2;255;225;59m[38;2;255;215;49m▄[48;2;255;224;57m[38;2;255;219;54m▄[48;2;255;226;58m[38;2;158;65;5m▄[48;2;119;26;0m[38;2;114;24;0m▄[48;2;0;0;0m[38;2;0;0;0m▄▄▄▄▄▄▄[0m
[48;2;0;0;0m[38;2;0;0;0m▄▄▄▄▄▄▄▄▄▄▄▄▄▄▄▄▄▄▄▄▄▄▄▄▄▄▄▄▄▄[48;2;255;192;20m▄[48;2;254;191;19m▄[48;2;129;29;0m▄[48;2;255;194;21m▄[48;2;255;193;28m▄[38;2;255;196;19m▄[48;2;255;197;31m[38;2;0;0;0m▄[48;2;128;29;0m▄[48;2;0;0;0m[38;2;255;191;10m▄[48;2;255;200;31m[38;2;255;192;26m▄[48;2;255;203;37m[38;2;129;30;0m▄[48;2;255;205;37m[38;2;0;0;0m▄[48;2;255;206;37m[38;2;255;196;32m▄[48;2;128;28;0m[38;2;195;110;10m▄[48;2;111;15;0m[38;2;116;23;0m▄[48;2;0;0;0m[38;2;0;0;0m▄▄▄▄▄▄[0m
[48;2;0;0;0m[38;2;0;0;0m▄▄▄▄▄▄▄▄▄▄▄▄▄▄▄▄▄▄▄▄▄▄▄▄▄▄▄▄▄▄▄▄▄▄▄▄▄▄▄▄▄▄[48;2;255;192;18m▄[48;2;255;191;14m▄[48;2;129;29;0m▄[48;2;0;0;0m▄▄▄▄▄▄[0m
[48;2;0;0;0m[38;2;0;0;0m▄▄▄▄▄▄▄▄▄▄▄▄▄▄▄▄▄▄▄▄▄▄▄▄▄▄▄▄▄▄▄▄▄▄▄▄▄▄▄▄▄▄▄▄▄▄▄▄▄▄▄[0m
[48;2;0;0;0m[38;2;0;0;0m▄▄▄▄▄▄▄▄▄▄▄▄▄▄▄▄▄▄▄▄▄▄▄▄▄▄▄▄▄▄▄▄▄▄▄▄▄▄▄▄▄▄▄▄▄▄▄▄▄▄▄[0m
[48;2;0;0;0m[38;2;0;0;0m▄▄▄▄▄▄▄▄▄▄▄▄▄▄▄▄▄▄▄▄▄▄▄▄▄▄▄▄▄▄▄▄▄▄▄▄▄▄▄▄▄▄▄▄▄▄▄▄▄▄▄[0m
[48;2;0;0;0m[38;2;0;0;0m▄▄▄▄▄▄▄▄▄▄▄▄▄▄▄▄▄▄▄▄▄▄▄▄▄▄▄▄▄▄▄▄▄▄▄▄▄▄▄▄▄▄▄▄▄▄▄▄▄▄▄[0m
