[48;2;0;0;0m[38;2;0;0;0m▄▄▄▄▄▄▄▄▄▄▄▄▄▄▄▄▄▄▄▄▄▄▄▄▄▄▄▄▄▄▄▄▄▄▄▄▄▄▄▄▄▄▄▄▄▄▄▄▄▄▄[0m
[48;2;0;0;0m[38;2;0;0;0m▄▄▄▄▄▄▄▄▄▄▄▄▄▄▄▄▄▄▄▄▄▄▄▄▄▄▄▄▄▄▄▄▄▄▄▄▄▄▄▄▄▄▄▄▄▄▄▄▄▄▄[0m
[48;2;0;0;0m[38;2;0;0;0m▄▄▄▄▄▄▄▄▄▄▄▄▄▄▄▄▄▄▄▄▄▄▄▄▄▄▄▄▄▄▄▄▄▄▄▄▄▄▄▄▄▄▄▄▄▄▄▄▄▄▄[0m
[48;2;0;0;0m[38;2;0;0;0m▄▄▄▄▄▄▄▄▄▄▄▄▄▄▄▄▄▄▄▄▄▄▄▄▄▄▄▄▄▄▄▄▄▄▄▄▄▄▄▄▄▄▄▄▄▄▄▄▄▄▄[0m
[48;2;0;0;0m[38;2;0;0;0m▄▄▄▄▄▄▄▄▄▄▄▄▄▄▄▄▄▄▄▄▄▄▄▄▄▄▄▄▄▄▄▄▄▄▄▄▄▄▄▄▄▄▄▄▄▄▄▄▄▄▄[0m
[48;2;0;0;0m[38;2;0;0;0m▄▄▄▄▄▄▄▄▄▄▄▄▄▄▄▄▄▄▄▄▄▄▄▄▄▄[38;2;115;23;0m▄[38;2;131;30;0m▄[38;2;144;33;0m▄[38;2;0;0;0m▄[38;2;125;27;0m▄[38;2;142;34;0m▄[38;2;255;239;62m▄[38;2;137;32;0m▄[48;2;131;27;0m[38;2;255;248;77m▄[48;2;136;32;0m[38;2;149;40;0m▄[48;2;127;42;0m[38;2;255;248;78m▄[48;2;135;31;0m[38;2;182;83;3m▄[48;2;221;161;21m[38;2;255;249;78m▄[48;2;255;215;9m[38;2;0;0;0m▄[48;2;0;0;0m▄▄▄▄▄▄▄▄▄▄▄[0m
[48;2;0;0;0m[38;2;0;0;0m▄▄▄▄▄▄▄▄▄▄▄▄[38;2;126;28;0m▄[38;2;135;31;0m▄[38;2;0;0;0m▄[38;2;124;26;0m▄[38;2;140;33;0m▄[38;2;240;194;37m▄[48;2;109;0;0m[38;2;140;34;0m▄[48;2;130;27;0m[38;2;255;228;60m▄[48;2;133;31;0m[38;2;255;232;64m▄[48;2;138;33;0m[38;2;255;233;67m▄[48;2;131;30;0m[38;2;255;232;64m▄[48;2;138;33;0m[38;2;145;36;0m▄[48;2;249;194;28m[38;2;255;232;65m▄[48;2;0;0;0m[38;2;0;0;0m▄[48;2;122;25;0m[38;2;122;25;0m▄[48;2;141;34;0m[38;2;142;34;0m▄[48;2;255;235;67m[38;2;255;232;65m▄[48;2;0;0;0m[38;2;0;0;0m▄[48;2;125;26;0m[38;2;125;26;0m▄[48;2;150;38;0m[38;2;149;39;0m▄[48;2;255;249;79m[38;2;255;246;76m▄[48;2;139;33;0m[38;2;139;33;0m▄[48;2;255;251;82m[38;2;255;251;82m▄[48;2;134;33;0m[38;2;135;32;0m▄[48;2;145;35;0m[38;2;148;36;0m▄[48;2;255;251;82m[38;2;255;249;80m▄[48;2;255;219;30m[38;2;255;232;57m▄[48;2;0;0;0m[38;2;0;0;0m▄▄▄▄▄▄▄▄▄▄▄▄[0m
[48;2;0;0;0m[38;2;0;0;0m▄▄▄▄▄▄[38;2;124;26;0m▄[48;2;127;27;0m[38;2;143;35;0m▄[48;2;137;32;0m[38;2;255;231;63m▄[48;2;211;148;24m[38;2;255;224;52m▄[48;2;252;194;30m[38;2;255;229;59m▄[48;2;0;0;0m[38;2;255;229;60m▄[48;2;133;30;0m[38;2;136;32;0m▄[48;2;255;230;59m[38;2;255;229;60m▄[48;2;255;229;58m[38;2;255;227;59m▄[48;2;126;27;0m[38;2;136;31;0m▄[48;2;145;36;0m[38;2;148;36;0m▄[48;2;255;233;67m[38;2;255;226;61m▄[48;2;141;34;0m[38;2;141;33;0m▄[48;2;255;229;62m[38;2;255;221;55m▄[48;2;255;225;56m▄[48;2;135;31;0m[38;2;255;219;50m▄[48;2;131;29;0m[38;2;255;215;46m▄[48;2;142;34;0m[38;2;143;34;0m▄[48;2;255;225;59m[38;2;255;215;49m▄[48;2;0;0;0m[38;2;131;28;0m▄[48;2;122;25;0m[38;2;128;27;0m▄[48;2;142;34;0m[38;2;144;35;0m▄[48;2;255;222;56m[38;2;255;209;45m▄[48;2;0;0;0m[38;2;145;38;0m▄[48;2;126;27;0m[38;2;230;168;28m▄[48;2;146;36;0m[38;2;148;39;0m▄[48;2;255;234;65m[38;2;255;221;53m▄[48;2;144;35;0m[38;2;255;224;56m▄[48;2;255;245;76m[38;2;255;228;54m▄[48;2;144;36;0m[38;2;147;38;0m▄[48;2;255;240;70m[38;2;255;222;46m▄[48;2;149;38;0m[38;2;0;0;0m▄[48;2;255;222;53m▄[48;2;0;0;0m▄▄▄▄▄▄▄▄▄▄▄▄[0m
[48;2;0;0;0m[38;2;0;0;0m▄▄▄▄▄▄[48;2;126;26;0m▄[48;2;216;128;15m[38;2;142;34;0m▄[48;2;255;229;63m[38;2;255;218;47m▄[48;2;197;97;4m[38;2;255;220;52m▄[48;2;153;47;1m[38;2;255;219;53m▄[48;2;0;0;0m[38;2;255;215;48m▄[48;2;133;30;0m[38;2;139;33;0m▄[48;2;255;220;52m[38;2;255;208;42m▄[48;2;255;222;57m[38;2;255;211;43m▄[48;2;255;220;54m[38;2;127;28;0m▄[48;2;255;219;52m[38;2;151;41;0m▄[48;2;255;217;52m[38;2;255;205;41m▄[48;2;140;33;0m[38;2;139;33;0m▄[48;2;255;211;44m[38;2;255;199;34m▄[48;2;255;211;41m[38;2;255;197;32m▄[48;2;133;31;0m[38;2;255;193;28m▄[48;2;133;30;0m[38;2;255;193;27m▄[48;2;143;34;0m[38;2;146;36;0m▄[48;2;255;201;38m[38;2;255;191;23m▄[48;2;255;195;29m[38;2;255;192;23m▄[48;2;255;194;29m[38;2;255;195;21m▄[48;2;151;38;0m[38;2;0;0;0m▄[48;2;255;194;30m▄[48;2;255;197;30m▄[48;2;255;199;31m▄[48;2;0;0;0m▄▄▄▄▄▄▄▄▄▄▄▄▄▄▄▄▄▄▄▄[0m
[48;2;0;0;0m[38;2;0;0;0m▄▄▄▄▄▄[48;2;123;26;0m▄[48;2;134;31;0m[38;2;206;120;9m▄[48;2;145;36;0m[38;2;255;199;34m▄[48;2;129;29;0m[38;2;255;194;24m▄[48;2;146;37;0m[38;2;255;193;25m▄[48;2;255;205;41m[38;2;255;195;25m▄[48;2;197;114;13m[38;2;136;33;0m▄[48;2;255;198;32m[38;2;255;193;19m▄[48;2;255;199;31m[38;2;255;193;20m▄[48;2;124;27;0m[38;2;0;0;0m▄[48;2;147;37;0m▄[48;2;255;193;28m▄[48;2;140;32;0m▄[48;2;255;191;19m▄[48;2;255;192;20m▄[48;2;255;193;20m▄[48;2;0;0;0m▄▄▄▄▄▄▄▄▄▄▄▄▄▄▄▄▄▄▄▄▄▄▄▄▄▄▄▄▄[0m
[48;2;0;0;0m[38;2;0;0;0m▄▄▄▄▄▄▄▄[48;2;255;190;18m▄[48;2;255;190;21m▄[48;2;255;191;20m▄[48;2;0;0;0m▄▄▄▄▄▄▄▄▄▄▄▄▄▄▄▄▄▄▄▄▄▄▄▄▄▄▄▄▄▄▄▄▄▄▄▄▄▄▄▄[0m
[48;2;0;0;0m[38;2;0;0;0m▄▄▄▄▄▄▄▄▄▄▄▄▄▄▄▄▄▄▄▄▄▄▄▄▄▄▄▄▄▄▄▄▄▄▄▄▄▄▄▄▄▄▄▄▄▄▄▄▄▄▄[0m
[48;2;0;0;0m[38;2;0;0;0m▄▄▄▄▄▄▄▄▄▄▄▄▄▄▄▄▄▄▄▄▄▄▄▄▄▄▄▄▄▄▄▄▄▄▄▄▄▄▄▄▄▄▄▄▄▄▄▄▄▄▄[0m
[48;2;0;0;0m[38;2;0;0;0m▄▄▄▄▄▄▄▄▄▄▄▄▄▄▄▄▄▄▄▄▄▄▄▄▄▄▄▄▄▄▄▄▄▄▄▄▄▄▄▄▄▄▄▄▄▄▄▄▄▄▄[0m
[48;2;0;0;0m[38;2;0;0;0m▄▄▄▄▄▄▄▄▄▄▄▄▄▄▄▄▄▄▄▄▄▄▄▄▄▄▄▄▄▄▄▄▄▄▄▄▄▄▄▄▄▄▄▄▄▄▄▄▄▄▄[0m
