[48;2;0;0;0m[38;2;0;0;0m▄▄▄▄▄▄▄▄▄▄▄▄▄▄▄▄▄▄▄▄▄▄▄▄▄▄▄▄▄▄▄▄▄▄▄▄▄▄▄▄▄▄▄▄▄▄▄▄▄▄▄[0m
[48;2;0;0;0m[38;2;0;0;0m▄▄▄▄▄▄▄▄▄▄▄▄▄▄▄▄▄▄▄▄▄▄▄▄▄▄▄▄▄▄▄▄▄▄▄▄▄▄▄▄▄▄▄▄▄▄▄▄▄▄▄[0m
[48;2;0;0;0m[38;2;0;0;0m▄▄▄▄▄▄▄▄▄▄▄▄▄▄▄▄▄▄▄▄▄▄▄▄▄▄▄▄▄▄▄▄▄▄▄▄▄▄▄▄▄▄▄▄▄▄▄▄▄▄▄[0m
[48;2;0;0;0m[38;2;0;0;0m▄▄▄▄▄▄▄▄▄▄▄▄▄▄▄▄▄▄▄▄▄▄▄▄▄▄▄▄▄▄▄▄▄▄▄▄▄▄▄▄▄▄▄▄▄▄▄▄▄▄▄[0m
[48;2;0;0;0m[38;2;0;0;0m▄▄▄▄▄▄▄▄▄▄▄▄▄▄▄▄▄▄▄▄▄▄▄▄▄▄▄▄▄▄▄▄▄▄▄▄▄▄▄▄▄▄▄▄▄▄▄▄▄▄▄[0m
[48;2;0;0;0m[38;2;0;0;0m▄▄▄▄▄▄▄▄▄▄▄▄▄▄▄▄▄▄▄▄▄▄▄▄▄▄▄▄▄▄▄▄[38;2;173;45;0m▄[38;2;178;51;0m▄[38;2;0;0;0m▄[38;2;170;42;0m▄[38;2;181;51;0m▄[38;2;183;51;0m▄[38;2;178;49;0m▄[38;2;185;53;0m▄[38;2;182;36;0m▄[38;2;181;51;0m▄[38;2;211;118;17m▄[38;2;237;155;6m▄[38;2;0;0;0m▄▄▄▄▄▄▄[0m
[48;2;0;0;0m[38;2;0;0;0m▄▄▄▄▄▄[38;2;211;111;8m▄[48;2;175;47;0m[38;2;255;229;60m▄[48;2;180;49;0m[38;2;255;230;61m▄[48;2;0;0;0m[38;2;255;226;56m▄[38;2;0;0;0m▄[48;2;177;48;0m[38;2;179;51;0m▄[48;2;182;51;0m[38;2;255;233;67m▄[48;2;0;0;0m[38;2;255;191;31m▄[38;2;0;0;0m▄[48;2;182;52;0m[38;2;255;229;61m▄[48;2;183;54;0m[38;2;255;232;65m▄[48;2;0;0;0m[38;2;0;0;0m▄[48;2;183;54;0m[38;2;255;231;62m▄[48;2;185;58;0m[38;2;255;233;67m▄[48;2;189;70;4m[38;2;255;233;66m▄[48;2;195;79;6m[38;2;255;235;65m▄[48;2;252;179;14m[38;2;255;214;32m▄[48;2;178;49;0m[38;2;178;49;0m▄[48;2;255;239;62m[38;2;255;248;81m▄[48;2;0;0;0m[38;2;0;0;0m▄▄▄[48;2;209;83;0m[38;2;235;111;1m▄[48;2;255;251;82m[38;2;255;252;84m▄[48;2;0;0;0m[38;2;0;0;0m▄▄[48;2;174;47;0m[38;2;174;48;0m▄[48;2;255;248;76m[38;2;255;250;80m▄[48;2;255;246;74m[38;2;255;248;76m▄[48;2;173;47;0m[38;2;175;49;0m▄[48;2;239;192;41m[38;2;251;212;53m▄[48;2;255;242;72m[38;2;255;238;68m▄[48;2;178;49;0m[38;2;0;0;0m▄[48;2;255;234;66m[38;2;182;53;0m▄[48;2;254;225;54m[38;2;255;228;62m▄[48;2;251;206;35m[38;2;255;226;59m▄[48;2;255;229;60m[38;2;0;0;0m▄[48;2;0;0;0m▄▄▄▄▄▄▄▄[0m
[48;2;0;0;0m[38;2;0;0;0m▄▄▄▄▄▄[48;2;255;231;64m[38;2;255;220;51m▄[48;2;205;98;6m[38;2;255;224;57m▄[48;2;181;52;0m[38;2;255;219;51m▄[48;2;255;228;59m[38;2;255;213;42m▄[48;2;255;201;16m[38;2;181;51;0m▄[48;2;192;64;0m[38;2;180;54;0m▄[48;2;255;230;65m[38;2;255;222;57m▄[48;2;216;105;4m[38;2;255;221;55m▄[48;2;178;49;0m[38;2;255;220;53m▄[48;2;255;221;52m[38;2;255;220;54m▄[48;2;255;228;62m[38;2;255;220;53m▄[48;2;0;0;0m[38;2;0;0;0m▄[48;2;255;226;58m[38;2;255;218;49m▄[48;2;255;225;59m[38;2;255;219;52m▄[48;2;180;50;0m[38;2;255;217;42m▄[48;2;217;108;6m[38;2;255;220;48m▄[48;2;255;184;8m[38;2;255;191;12m▄[48;2;179;49;0m[38;2;182;51;0m▄[48;2;255;242;75m[38;2;255;232;66m▄[48;2;0;0;0m[38;2;0;0;0m▄[38;2;255;0;0m▄[38;2;0;0;0m▄[48;2;245;131;2m[38;2;251;155;5m▄[48;2;255;252;83m[38;2;255;251;83m▄[48;2;0;0;0m[38;2;179;50;0m▄▄[48;2;176;49;0m[38;2;178;49;0m▄[48;2;255;250;81m[38;2;255;240;71m▄[48;2;255;247;78m[38;2;255;234;65m▄[48;2;176;48;0m[38;2;182;51;0m▄[48;2;254;223;55m[38;2;255;216;49m▄[48;2;255;230;61m[38;2;255;213;43m▄[48;2;171;45;0m[38;2;181;51;0m▄[48;2;187;54;0m[38;2;255;201;34m▄[48;2;255;217;50m[38;2;252;197;30m▄[48;2;255;215;49m[38;2;255;200;32m▄[48;2;0;0;0m[38;2;255;196;27m▄[38;2;0;0;0m▄▄▄▄▄▄▄▄[0m
[48;2;0;0;0m[38;2;0;0;0m▄▄▄▄▄▄[48;2;180;51;0m[38;2;255;200;32m▄[48;2;177;44;0m[38;2;254;195;26m▄[48;2;255;210;34m[38;2;184;54;0m▄[48;2;255;212;46m[38;2;255;198;32m▄[48;2;255;208;38m[38;2;255;196;25m▄[48;2;175;48;0m[38;2;0;0;0m▄[48;2;255;209;45m[38;2;255;197;33m▄[48;2;255;203;30m[38;2;255;196;23m▄[48;2;0;0;0m[38;2;0;0;0m▄[48;2;255;205;35m[38;2;255;195;25m▄[48;2;255;207;43m[38;2;255;195;30m▄[48;2;0;0;0m[38;2;0;0;0m▄[48;2;255;205;39m[38;2;255;195;26m▄[48;2;255;206;39m[38;2;255;194;29m▄[48;2;182;52;0m[38;2;255;195;28m▄[48;2;183;53;0m▄[48;2;188;60;1m[38;2;255;197;22m▄[48;2;182;51;0m[38;2;182;51;0m▄[48;2;255;217;52m[38;2;255;204;35m▄[48;2;255;214;45m[38;2;255;207;36m▄[48;2;255;222;53m[38;2;255;214;41m▄[48;2;255;218;45m[38;2;255;208;24m▄[48;2;254;187;22m[38;2;255;206;27m▄[48;2;255;240;73m[38;2;255;214;26m▄[48;2;255;239;70m[38;2;0;0;0m▄[48;2;255;237;68m▄[48;2;255;207;33m▄[48;2;203;88;2m▄[48;2;255;219;52m▄[48;2;255;213;45m▄[48;2;255;206;36m▄[48;2;0;0;0m▄[48;2;220;121;7m▄[48;2;255;194;24m▄[48;2;0;0;0m▄▄[48;2;255;192;21m▄[48;2;255;195;7m▄[48;2;0;0;0m▄▄▄▄▄▄▄[0m
[48;2;0;0;0m[38;2;0;0;0m▄▄▄▄▄▄[48;2;255;191;16m▄[48;2;255;190;21m▄▄[48;2;255;191;18m▄[48;2;0;0;0m▄▄[48;2;255;190;20m▄[48;2;255;198;14m▄[48;2;0;0;0m▄▄▄▄▄▄▄▄▄▄▄▄▄▄▄▄▄▄▄▄▄▄▄▄▄▄▄▄▄▄▄▄▄▄▄▄▄[0m
[48;2;0;0;0m[38;2;0;0;0m▄▄▄▄▄▄▄▄▄▄▄▄▄▄▄▄▄▄▄▄▄▄▄▄▄▄▄▄▄▄▄▄▄▄▄▄▄▄▄▄▄▄▄▄▄▄▄▄▄▄▄[0m
[48;2;0;0;0m[38;2;0;0;0m▄▄▄▄▄▄▄▄▄▄▄▄▄▄▄▄▄▄▄▄▄▄▄▄▄▄▄▄▄▄▄▄▄▄▄▄▄▄▄▄▄▄▄▄▄▄▄▄▄▄▄[0m
[48;2;0;0;0m[38;2;0;0;0m▄▄▄▄▄▄▄▄▄▄▄▄▄▄▄▄▄▄▄▄▄▄▄▄▄▄▄▄▄▄▄▄▄▄▄▄▄▄▄▄▄▄▄▄▄▄▄▄▄▄▄[0m
[48;2;0;0;0m[38;2;0;0;0m▄▄▄▄▄▄▄▄▄▄▄▄▄▄▄▄▄▄▄▄▄▄▄▄▄▄▄▄▄▄▄▄▄▄▄▄▄▄▄▄▄▄▄▄▄▄▄▄▄▄▄[0m
[48;2;0;0;0m[38;2;0;0;0m▄▄▄▄▄▄▄▄▄▄▄▄▄▄▄▄▄▄▄▄▄▄▄▄▄▄▄▄▄▄▄▄▄▄▄▄▄▄▄▄▄▄▄▄▄▄▄▄▄▄▄[0m
