[48;2;0;0;0m[38;2;0;0;0m▄▄▄▄▄▄▄▄▄▄▄▄▄▄▄▄▄▄▄▄▄▄▄▄▄▄▄▄▄▄▄▄▄▄▄▄▄▄▄▄▄▄▄▄▄▄▄▄▄▄▄[0m
[48;2;0;0;0m[38;2;0;0;0m▄▄▄▄▄▄▄▄▄▄▄▄▄▄▄▄▄▄▄▄▄▄▄▄▄▄▄▄▄▄▄▄▄▄▄▄▄▄▄▄▄▄▄▄▄▄▄▄▄▄▄[0m
[48;2;0;0;0m[38;2;0;0;0m▄▄▄▄▄▄▄▄▄▄▄▄▄▄▄▄▄▄▄▄▄▄▄▄▄▄▄▄▄▄▄▄▄▄▄▄▄▄▄▄▄▄▄▄▄▄▄▄▄▄▄[0m
[48;2;0;0;0m[38;2;0;0;0m▄▄▄▄▄▄▄▄▄▄▄▄▄▄▄▄▄▄▄▄▄▄▄▄▄▄▄▄▄▄▄▄▄▄▄▄▄▄▄▄▄▄▄▄▄▄▄▄▄▄▄[0m
[48;2;0;0;0m[38;2;0;0;0m▄▄▄▄▄▄▄▄▄▄▄▄▄▄▄▄▄▄▄▄▄▄▄▄▄▄▄▄▄▄▄▄▄▄▄▄▄▄▄▄▄▄▄▄▄▄▄▄▄▄▄[0m
[48;2;0;0;0m[38;2;0;0;0m▄▄▄▄▄▄▄▄▄▄▄▄▄▄▄▄▄▄▄▄▄▄▄▄▄▄▄[38;2;102;16;0m▄[38;2;112;21;0m▄[38;2;0;0;0m▄▄[38;2;104;19;0m▄[38;2;150;53;0m▄[38;2;189;123;9m▄[38;2;114;23;0m▄[38;2;255;249;80m▄[38;2;119;25;0m▄[38;2;255;246;74m▄[48;2;101;18;0m[38;2;199;131;15m▄[48;2;112;22;0m[38;2;255;232;60m▄[48;2;127;21;0m[38;2;253;214;24m▄[48;2;0;0;0m[38;2;0;0;0m▄▄▄▄▄▄▄▄▄▄[0m
[48;2;0;0;0m[38;2;0;0;0m▄▄▄▄▄▄▄[38;2;98;19;0m▄[38;2;107;21;0m▄[38;2;0;0;0m▄▄[38;2;94;16;0m▄[38;2;111;22;0m▄[38;2;115;24;0m▄[38;2;0;0;0m▄[38;2;111;21;0m▄[38;2;255;227;57m▄[38;2;255;221;44m▄[48;2;106;20;0m[38;2;119;25;0m▄[48;2;109;22;0m[38;2;255;233;66m▄[48;2;110;22;0m[38;2;255;233;67m▄[48;2;113;23;0m[38;2;255;233;66m▄[48;2;118;30;0m[38;2;255;230;58m▄[48;2;115;23;0m[38;2;120;25;0m▄[48;2;254;213;41m[38;2;255;233;67m▄[48;2;0;0;0m[38;2;0;0;0m▄▄[48;2;111;21;0m[38;2;111;22;0m▄[48;2;255;242;74m[38;2;255;239;70m▄[48;2;255;234;52m[38;2;255;224;43m▄[48;2;0;0;0m[38;2;0;0;0m▄[48;2;109;21;0m[38;2;110;21;0m▄[48;2;255;251;83m[38;2;255;251;83m▄[48;2;255;243;71m[38;2;254;235;66m▄[48;2;118;24;0m[38;2;118;25;0m▄[48;2;255;250;80m[38;2;255;250;79m▄[48;2;105;19;0m[38;2;102;18;0m▄[48;2;123;27;0m[38;2;121;25;0m▄[48;2;255;249;79m[38;2;255;241;72m▄[48;2;255;242;73m[38;2;255;231;61m▄[48;2;0;0;0m[38;2;0;0;0m▄▄▄▄▄▄▄▄▄▄▄[0m
[48;2;0;0;0m[38;2;0;0;0m▄▄▄▄▄▄[48;2;109;21;0m[38;2;120;26;0m▄[48;2;222;163;22m[38;2;255;232;66m▄[48;2;255;230;62m[38;2;113;22;0m▄[38;2;114;24;0m▄[48;2;255;226;56m[38;2;255;220;48m▄[48;2;100;19;0m[38;2;138;61;2m▄[48;2;212;144;25m[38;2;188;122;22m▄[48;2;255;233;68m[38;2;255;228;63m▄[48;2;0;0;0m[38;2;164;89;14m▄[48;2;113;22;0m[38;2;255;218;47m▄[48;2;255;231;63m[38;2;255;224;58m▄[48;2;255;228;58m[38;2;255;220;52m▄[48;2;123;28;0m[38;2;121;25;0m▄[48;2;255;230;65m[38;2;255;222;57m▄[48;2;115;25;0m[38;2;255;219;51m▄[48;2;113;23;0m[38;2;255;218;48m▄[48;2;95;0;0m[38;2;255;214;39m▄[48;2;118;25;0m[38;2;118;25;0m▄[48;2;255;227;61m[38;2;255;216;50m▄[48;2;0;0;0m[38;2;127;0;0m▄[38;2;0;0;0m▄[48;2;112;22;0m[38;2;113;23;0m▄[48;2;255;230;63m[38;2;255;218;50m▄[48;2;255;220;47m[38;2;255;211;42m▄[48;2;0;0;0m[38;2;114;23;0m▄[48;2;110;21;0m[38;2;158;83;12m▄[48;2;255;250;82m[38;2;255;224;47m▄[48;2;233;211;63m[38;2;255;239;71m▄[48;2;121;26;0m[38;2;255;237;68m▄[48;2;255;249;81m[38;2;255;238;67m▄[48;2;116;24;0m[38;2;123;27;0m▄[48;2;199;137;26m[38;2;255;218;47m▄[48;2;255;224;54m[38;2;0;0;0m▄[48;2;255;216;49m[38;2;225;158;20m▄[48;2;0;0;0m[38;2;255;200;20m▄[38;2;0;0;0m▄▄▄▄▄▄▄▄▄▄[0m
[48;2;0;0;0m[38;2;0;0;0m▄▄▄▄▄▄[48;2;115;24;0m[38;2;102;17;0m▄[48;2;255;225;59m[38;2;116;29;0m▄[48;2;255;222;55m[38;2;255;207;30m▄[48;2;255;219;50m[38;2;255;211;39m▄[48;2;255;211;38m[38;2;255;212;48m▄[48;2;0;0;0m[38;2;254;205;34m▄[48;2;186;109;14m[38;2;175;79;4m▄[48;2;255;219;54m[38;2;255;207;43m▄[48;2;255;217;49m[38;2;0;0;0m▄[48;2;255;216;47m[38;2;110;21;0m▄[48;2;255;214;49m[38;2;255;200;35m▄[48;2;255;210;44m[38;2;255;202;34m▄[48;2;119;24;0m[38;2;117;24;0m▄[48;2;255;209;45m[38;2;255;197;34m▄[48;2;109;21;0m[38;2;255;194;29m▄[48;2;112;22;0m[38;2;255;193;28m▄[38;2;255;192;24m▄[48;2;119;25;0m[38;2;123;26;0m▄[48;2;255;202;38m[38;2;255;193;24m▄[48;2;255;197;30m▄[48;2;255;197;32m[38;2;255;193;23m▄[48;2;238;170;21m[38;2;255;195;15m▄[48;2;255;203;35m[38;2;0;0;0m▄[48;2;255;207;41m▄[48;2;255;211;43m▄[48;2;255;212;33m▄[48;2;0;0;0m▄[48;2;255;196;20m▄[48;2;0;0;0m▄▄▄▄▄▄▄▄▄▄▄▄▄▄▄▄▄[0m
[48;2;0;0;0m[38;2;0;0;0m▄▄▄▄▄▄[48;2;189;109;9m▄[48;2;255;201;32m[38;2;255;193;23m▄[48;2;108;21;0m[38;2;255;191;25m▄[48;2;122;27;0m[38;2;255;190;23m▄[48;2;255;199;34m[38;2;255;191;18m▄[48;2;255;196;24m[38;2;0;0;0m▄[48;2;126;30;0m[38;2;127;0;0m▄[48;2;255;195;31m[38;2;0;0;0m▄[48;2;0;0;0m▄[48;2;110;21;0m▄[48;2;255;187;21m▄[48;2;255;193;19m▄[48;2;119;17;0m▄[48;2;255;190;18m▄[48;2;0;0;0m▄▄▄▄▄▄▄▄▄▄▄▄▄▄▄▄▄▄▄▄▄▄▄▄▄▄▄▄▄▄▄[0m
[48;2;0;0;0m[38;2;0;0;0m▄▄▄▄▄▄▄▄▄▄▄▄▄▄▄▄▄▄▄▄▄▄▄▄▄▄▄▄▄▄▄▄▄▄▄▄▄▄▄▄▄▄▄▄▄▄▄▄▄▄▄[0m
[48;2;0;0;0m[38;2;0;0;0m▄▄▄▄▄▄▄▄▄▄▄▄▄▄▄▄▄▄▄▄▄▄▄▄▄▄▄▄▄▄▄▄▄▄▄▄▄▄▄▄▄▄▄▄▄▄▄▄▄▄▄[0m
[48;2;0;0;0m[38;2;0;0;0m▄▄▄▄▄▄▄▄▄▄▄▄▄▄▄▄▄▄▄▄▄▄▄▄▄▄▄▄▄▄▄▄▄▄▄▄▄▄▄▄▄▄▄▄▄▄▄▄▄▄▄[0m
[48;2;0;0;0m[38;2;0;0;0m▄▄▄▄▄▄▄▄▄▄▄▄▄▄▄▄▄▄▄▄▄▄▄▄▄▄▄▄▄▄▄▄▄▄▄▄▄▄▄▄▄▄▄▄▄▄▄▄▄▄▄[0m
[48;2;0;0;0m[38;2;0;0;0m▄▄▄▄▄▄▄▄▄▄▄▄▄▄▄▄▄▄▄▄▄▄▄▄▄▄▄▄▄▄▄▄▄▄▄▄▄▄▄▄▄▄▄▄▄▄▄▄▄▄▄[0m
