[48;2;0;0;0m[38;2;0;0;0m▄▄▄▄▄▄▄▄▄▄▄▄▄▄▄▄▄▄▄▄▄▄▄▄▄▄▄▄▄▄▄▄▄▄▄▄▄▄▄▄▄▄▄▄▄▄▄▄▄▄▄[0m
[48;2;0;0;0m[38;2;0;0;0m▄▄▄▄▄▄▄▄▄▄▄▄▄▄▄▄▄▄▄▄▄▄▄▄▄▄▄▄▄▄▄▄▄▄▄▄▄▄▄▄▄▄▄▄▄▄▄▄▄▄▄[0m
[48;2;0;0;0m[38;2;0;0;0m▄▄▄▄▄▄▄▄▄▄▄▄▄▄▄▄▄▄▄▄▄▄▄▄▄▄▄▄▄▄▄▄▄▄▄▄▄▄▄▄▄▄▄▄▄▄▄▄▄▄▄[0m
[48;2;0;0;0m[38;2;0;0;0m▄▄▄▄▄▄▄▄▄▄▄▄▄▄▄▄▄▄▄▄▄▄▄▄▄▄▄▄▄▄▄▄▄▄▄▄▄▄▄▄▄▄▄▄▄▄▄▄▄▄▄[0m
[48;2;0;0;0m[38;2;0;0;0m▄▄▄▄▄▄▄▄▄▄▄▄▄▄▄▄▄▄▄▄▄▄▄▄▄▄▄▄▄▄▄▄▄▄▄▄▄▄▄▄▄▄▄▄▄▄▄▄▄▄▄[0m
[48;2;0;0;0m[38;2;0;0;0m▄▄▄▄▄▄▄▄▄▄▄▄▄▄▄▄▄▄▄▄▄▄▄▄▄▄▄▄▄▄▄▄▄▄▄▄▄▄▄[38;2;77;11;0m▄[38;2;63;0;0m▄[38;2;0;0;0m▄[38;2;77;10;0m▄[38;2;85;10;0m▄[38;2;0;0;0m▄▄▄▄▄▄▄[0m
[48;2;0;0;0m[38;2;0;0;0m▄▄▄▄▄▄[38;2;255;225;55m▄[48;2;108;32;1m[38;2;255;230;62m▄[48;2;116;42;6m[38;2;255;213;38m▄[48;2;92;15;0m[38;2;255;232;65m▄[48;2;75;9;0m[38;2;126;52;5m▄[48;2;0;0;0m[38;2;0;0;0m▄[48;2;117;44;6m[38;2;255;234;68m▄[48;2;84;13;0m[38;2;83;14;0m▄[48;2;0;0;0m[38;2;0;0;0m▄[48;2;220;126;5m[38;2;255;230;62m▄[48;2;244;162;13m[38;2;255;232;66m▄[48;2;0;0;0m[38;2;0;0;0m▄[48;2;254;203;27m[38;2;255;237;67m▄[48;2;255;210;34m[38;2;255;241;72m▄[48;2;255;225;40m[38;2;255;245;75m▄[48;2;255;234;46m[38;2;255;245;72m▄[48;2;254;207;20m[38;2;254;208;20m▄[48;2;99;21;0m[38;2;106;26;0m▄[48;2;255;246;75m[38;2;255;252;84m▄[48;2;0;0;0m[38;2;0;0;0m▄▄▄[48;2;85;12;0m[38;2;84;12;0m▄[48;2;255;251;81m[38;2;255;252;84m▄[48;2;0;0;0m[38;2;0;0;0m▄▄▄[48;2;125;49;2m[38;2;131;58;6m▄[48;2;255;243;74m[38;2;255;243;75m▄[48;2;0;0;0m[38;2;0;0;0m▄[48;2;88;15;0m[38;2;87;14;0m▄[48;2;255;234;66m[38;2;255;233;66m▄[48;2;255;223;44m[38;2;255;212;40m▄[48;2;128;58;5m[38;2;0;0;0m▄[48;2;255;231;63m[38;2;255;227;57m▄[48;2;255;255;0m[38;2;255;226;58m▄[48;2;101;17;0m[38;2;255;226;59m▄[48;2;255;231;62m[38;2;255;216;39m▄[48;2;0;0;0m[38;2;0;0;0m▄▄▄▄▄▄▄[0m
[48;2;0;0;0m[38;2;0;0;0m▄▄▄▄▄▄[48;2;255;223;54m▄[48;2;255;224;56m[38;2;255;212;39m▄[48;2;198;142;26m[38;2;255;214;45m▄[48;2;103;19;0m[38;2;255;217;50m▄[48;2;83;12;0m[38;2;255;208;34m▄[48;2;0;0;0m[38;2;0;0;0m▄[48;2;255;227;61m[38;2;255;217;52m▄[48;2;253;202;39m[38;2;255;217;50m▄[48;2;255;211;45m[38;2;255;216;49m▄[48;2;255;225;58m▄[48;2;255;227;60m[38;2;255;218;51m▄[48;2;0;0;0m[38;2;0;0;0m▄[48;2;255;231;64m[38;2;255;221;53m▄[48;2;255;233;65m[38;2;255;223;55m▄[48;2;235;179;37m[38;2;255;227;48m▄[48;2;253;205;44m[38;2;255;222;43m▄[48;2;238;136;0m[38;2;255;170;0m▄[48;2;89;20;0m[38;2;88;19;0m▄[48;2;255;252;84m[38;2;255;250;82m▄[48;2;0;0;0m[38;2;0;0;0m▄▄▄[48;2;89;13;0m[38;2;91;14;0m▄[48;2;255;252;84m[38;2;255;251;83m▄[48;2;0;0;0m[38;2;0;0;0m▄▄▄[48;2;190;103;10m[38;2;218;125;10m▄[48;2;255;236;69m[38;2;255;224;59m▄[48;2;0;0;0m[38;2;0;0;0m▄[48;2;89;12;0m[38;2;95;15;0m▄[48;2;255;225;59m[38;2;255;213;48m▄[48;2;255;219;46m[38;2;255;210;33m▄[48;2;0;0;0m[38;2;90;13;0m▄[48;2;97;16;0m[38;2;255;204;34m▄[48;2;255;222;56m[38;2;255;209;43m▄[48;2;255;220;53m[38;2;255;208;43m▄[48;2;0;0;0m[38;2;255;196;24m▄[38;2;0;0;0m▄▄▄▄▄▄▄[0m
[48;2;0;0;0m[38;2;0;0;0m▄▄▄▄▄▄[48;2;255;198;27m[38;2;255;194;17m▄[48;2;254;197;26m[38;2;255;192;25m▄[48;2;91;14;0m[38;2;255;189;24m▄[48;2;255;202;34m[38;2;255;190;24m▄[48;2;255;201;34m[38;2;255;193;15m▄[48;2;0;0;0m[38;2;0;0;0m▄[48;2;255;203;40m[38;2;255;190;24m▄[48;2;190;132;21m[38;2;198;130;12m▄[48;2;0;0;0m[38;2;0;0;0m▄[48;2;255;198;32m[38;2;255;191;19m▄[48;2;255;204;40m[38;2;255;193;24m▄[48;2;0;0;0m[38;2;0;0;0m▄[48;2;255;205;40m[38;2;255;190;22m▄[48;2;255;208;42m[38;2;255;196;29m▄[48;2;203;104;3m[38;2;255;203;36m▄[48;2;248;170;19m[38;2;255;207;40m▄[48;2;255;197;28m[38;2;255;206;35m▄[48;2;86;19;0m[38;2;85;17;0m▄[48;2;255;237;71m[38;2;255;220;46m▄[48;2;255;234;65m[38;2;255;220;48m▄[48;2;255;238;70m[38;2;255;224;49m▄[48;2;255;237;67m[38;2;254;213;36m▄[48;2;93;15;0m[38;2;160;85;6m▄[48;2;255;240;73m[38;2;255;222;45m▄[48;2;255;228;59m[38;2;255;218;39m▄[48;2;255;221;54m[38;2;255;208;33m▄[48;2;255;210;42m[38;2;255;195;23m▄[48;2;63;0;0m[38;2;0;0;0m▄[48;2;255;208;42m▄[48;2;255;201;34m[38;2;255;195;21m▄[48;2;255;198;32m▄[48;2;255;200;31m[38;2;0;0;0m▄[48;2;79;11;0m▄[48;2;147;70;6m▄[48;2;255;196;30m▄[48;2;0;0;0m▄[48;2;254;194;25m▄[48;2;255;193;26m▄[48;2;0;0;0m▄▄▄▄▄▄▄[0m
[48;2;0;0;0m[38;2;0;0;0m▄▄▄▄▄▄▄▄▄▄▄▄▄▄▄▄▄▄▄▄▄▄▄▄▄▄▄▄▄▄▄▄▄▄▄▄▄▄▄▄▄▄▄▄▄▄▄▄▄▄▄[0m
[48;2;0;0;0m[38;2;0;0;0m▄▄▄▄▄▄▄▄▄▄▄▄▄▄▄▄▄▄▄▄▄▄▄▄▄▄▄▄▄▄▄▄▄▄▄▄▄▄▄▄▄▄▄▄▄▄▄▄▄▄▄[0m
[48;2;0;0;0m[38;2;0;0;0m▄▄▄▄▄▄▄▄▄▄▄▄▄▄▄▄▄▄▄▄▄▄▄▄▄▄▄▄▄▄▄▄▄▄▄▄▄▄▄▄▄▄▄▄▄▄▄▄▄▄▄[0m
[48;2;0;0;0m[38;2;0;0;0m▄▄▄▄▄▄▄▄▄▄▄▄▄▄▄▄▄▄▄▄▄▄▄▄▄▄▄▄▄▄▄▄▄▄▄▄▄▄▄▄▄▄▄▄▄▄▄▄▄▄▄[0m
[48;2;0;0;0m[38;2;0;0;0m▄▄▄▄▄▄▄▄▄▄▄▄▄▄▄▄▄▄▄▄▄▄▄▄▄▄▄▄▄▄▄▄▄▄▄▄▄▄▄▄▄▄▄▄▄▄▄▄▄▄▄[0m
[48;2;0;0;0m[38;2;0;0;0m▄▄▄▄▄▄▄▄▄▄▄▄▄▄▄▄▄▄▄▄▄▄▄▄▄▄▄▄▄▄▄▄▄▄▄▄▄▄▄▄▄▄▄▄▄▄▄▄▄▄▄[0m
