[48;2;0;0;0m[38;2;0;0;0m▄▄▄▄▄▄▄▄▄▄▄▄▄▄▄▄▄▄▄▄▄▄▄▄▄▄▄▄▄▄▄▄▄▄▄▄▄▄▄▄▄▄▄▄▄▄▄▄▄▄▄[0m
[48;2;0;0;0m[38;2;0;0;0m▄▄▄▄▄▄▄▄▄▄▄▄▄▄▄▄▄▄▄▄▄▄▄▄▄▄▄▄▄▄▄▄▄▄▄▄▄▄▄▄▄▄▄▄▄▄▄▄▄▄▄[0m
[48;2;0;0;0m[38;2;0;0;0m▄▄▄▄▄▄▄▄▄▄▄▄▄▄▄▄▄▄▄▄▄▄▄▄▄▄▄▄▄▄▄▄▄▄▄▄▄▄▄▄▄▄▄▄▄▄▄▄▄▄▄[0m
[48;2;0;0;0m[38;2;0;0;0m▄▄▄▄▄▄▄▄▄▄▄▄▄▄▄▄▄▄▄▄▄▄▄▄▄▄▄▄▄▄▄▄▄▄▄▄▄▄▄▄▄▄▄▄▄▄▄▄▄▄▄[0m
[48;2;0;0;0m[38;2;0;0;0m▄▄▄▄▄▄▄▄▄▄▄▄▄▄▄▄▄▄▄▄▄▄▄▄▄▄▄▄▄▄▄▄▄▄▄▄▄▄▄▄▄▄▄▄▄▄▄▄▄▄▄[0m
[48;2;0;0;0m[38;2;0;0;0m▄▄▄▄▄▄▄▄▄▄▄▄▄▄▄▄▄▄▄▄▄▄▄▄▄▄▄[38;2;112;22;0m▄[38;2;121;22;0m▄[38;2;0;0;0m▄[38;2;98;18;0m▄[38;2;121;25;0m▄[38;2;199;125;18m▄[38;2;112;23;0m▄[38;2;134;32;0m▄[48;2;114;21;0m[38;2;255;247;74m▄[48;2;120;24;0m[38;2;134;32;0m▄[48;2;106;22;0m[38;2;255;250;80m▄[48;2;122;26;0m[38;2;140;36;0m▄[48;2;133;31;0m[38;2;255;246;73m▄[48;2;0;0;0m[38;2;0;0;0m▄▄▄▄▄▄▄▄▄▄▄[0m
[48;2;0;0;0m[38;2;0;0;0m▄▄▄▄▄▄▄▄▄▄▄▄[38;2;116;24;0m▄[38;2;123;27;0m▄[38;2;0;0;0m▄[38;2;112;22;0m▄[38;2;238;194;30m▄[38;2;255;226;53m▄[48;2;115;16;0m[38;2;126;27;0m▄[48;2;114;23;0m[38;2;255;231;61m▄[48;2;118;25;0m[38;2;255;233;66m▄[48;2;120;26;0m[38;2;255;233;67m▄[48;2;114;24;0m[38;2;255;231;61m▄[48;2;125;28;0m[38;2;132;30;0m▄[48;2;252;208;36m[38;2;255;233;67m▄[48;2;0;0;0m[38;2;0;0;0m▄▄[48;2;123;26;0m[38;2;124;27;0m▄[48;2;255;238;68m[38;2;255;235;70m▄[48;2;255;222;37m[38;2;255;225;49m▄[48;2;100;18;0m[38;2;100;18;0m▄[48;2;127;28;0m[38;2;129;29;0m▄[48;2;255;251;82m[38;2;255;251;82m▄[48;2;114;23;0m[38;2;115;24;0m▄[48;2;137;33;0m[38;2;139;36;0m▄[48;2;255;250;80m[38;2;255;251;83m▄[48;2;121;26;0m[38;2;122;25;0m▄[48;2;255;249;79m[38;2;254;232;58m▄[48;2;255;249;80m[38;2;255;243;75m▄[48;2;0;0;0m[38;2;0;0;0m▄▄▄▄▄▄▄▄▄▄▄▄[0m
[48;2;0;0;0m[38;2;0;0;0m▄▄▄▄▄▄[48;2;105;19;0m[38;2;118;25;0m▄[48;2;122;26;0m[38;2;255;226;56m▄[48;2;215;155;26m[38;2;255;229;60m▄[48;2;255;229;60m[38;2;119;27;0m▄[48;2;255;224;52m[38;2;255;228;59m▄[48;2;0;0;0m[38;2;255;217;41m▄[48;2;126;27;0m[38;2;128;29;0m▄[48;2;255;234;67m[38;2;255;229;64m▄[48;2;255;221;44m[38;2;229;182;35m▄[48;2;114;23;0m[38;2;148;53;2m▄[48;2;255;230;60m[38;2;255;223;55m▄[48;2;255;231;63m[38;2;255;223;57m▄[48;2;126;28;0m[38;2;126;27;0m▄[48;2;255;230;63m[38;2;255;223;56m▄[48;2;218;143;15m[38;2;255;220;52m▄[48;2;122;26;0m[38;2;255;218;49m▄[48;2;115;25;0m[38;2;255;213;43m▄[48;2;129;28;0m[38;2;129;28;0m▄[48;2;255;226;60m[38;2;255;215;49m▄[48;2;0;0;0m[38;2;127;0;0m▄[38;2;0;0;0m▄[48;2;124;27;0m[38;2;125;27;0m▄[48;2;255;224;59m[38;2;255;212;45m▄[48;2;255;225;39m[38;2;144;55;4m▄[48;2;100;18;0m[38;2;163;84;12m▄[48;2;128;29;0m[38;2;134;33;0m▄[48;2;255;244;75m[38;2;255;229;60m▄[48;2;122;26;0m[38;2;255;231;63m▄[48;2;143;44;3m[38;2;255;236;67m▄[48;2;255;248;78m[38;2;131;30;0m▄[48;2;131;29;0m[38;2;254;216;38m▄[48;2;255;237;68m[38;2;255;214;33m▄[48;2;223;161;28m[38;2;0;0;0m▄[48;2;255;212;40m▄[48;2;0;0;0m▄▄▄▄▄▄▄▄▄▄▄[0m
[48;2;0;0;0m[38;2;0;0;0m▄▄▄▄▄▄[48;2;120;25;0m▄[48;2;255;226;57m[38;2;200;118;9m▄[48;2;255;225;57m[38;2;255;214;43m▄[48;2;255;216;44m[38;2;255;216;47m▄[48;2;255;210;35m[38;2;255;216;50m▄[48;2;0;0;0m[38;2;255;210;41m▄[48;2;126;28;0m[38;2;125;28;0m▄[48;2;255;221;56m[38;2;255;210;44m▄[48;2;255;220;54m[38;2;255;205;33m▄[48;2;255;218;51m[38;2;114;23;0m▄[48;2;255;216;50m[38;2;254;197;33m▄[48;2;255;213;46m[38;2;255;201;37m▄[48;2;128;29;0m[38;2;127;28;0m▄[48;2;255;211;45m[38;2;255;199;34m▄[48;2;220;160;26m[38;2;255;194;30m▄[48;2;118;25;0m[38;2;255;194;28m▄[48;2;119;28;0m[38;2;255;193;26m▄[48;2;129;28;0m[38;2;132;29;0m▄[48;2;255;201;38m[38;2;255;192;24m▄[48;2;255;196;29m[38;2;255;192;23m▄[48;2;255;195;30m[38;2;255;193;19m▄[48;2;134;31;0m[38;2;0;0;0m▄[48;2;255;198;31m▄[48;2;255;201;34m▄[48;2;255;204;36m▄[48;2;255;212;14m▄[48;2;0;0;0m▄▄▄▄▄▄▄▄▄▄▄▄▄▄▄▄▄▄▄[0m
[48;2;0;0;0m[38;2;0;0;0m▄▄▄▄▄▄[48;2;116;24;0m▄[48;2;149;57;4m[38;2;255;196;25m▄[48;2;255;194;21m[38;2;255;195;30m▄[48;2;120;25;0m[38;2;255;192;25m▄[48;2;252;194;28m▄[48;2;255;202;35m[38;2;255;193;15m▄[48;2;125;28;0m[38;2;127;42;0m▄[48;2;255;198;33m[38;2;255;192;19m▄[48;2;255;195;26m[38;2;255;196;19m▄[48;2;113;23;0m[38;2;0;0;0m▄[48;2;249;181;20m▄[48;2;255;193;24m▄[48;2;127;28;0m▄[48;2;255;192;19m▄[48;2;255;191;19m▄[48;2;0;0;0m▄▄▄▄▄▄▄▄▄▄▄▄▄▄▄▄▄▄▄▄▄▄▄▄▄▄▄▄▄▄[0m
[48;2;0;0;0m[38;2;0;0;0m▄▄▄▄▄▄▄▄▄▄▄▄▄▄▄▄▄▄▄▄▄▄▄▄▄▄▄▄▄▄▄▄▄▄▄▄▄▄▄▄▄▄▄▄▄▄▄▄▄▄▄[0m
[48;2;0;0;0m[38;2;0;0;0m▄▄▄▄▄▄▄▄▄▄▄▄▄▄▄▄▄▄▄▄▄▄▄▄▄▄▄▄▄▄▄▄▄▄▄▄▄▄▄▄▄▄▄▄▄▄▄▄▄▄▄[0m
[48;2;0;0;0m[38;2;0;0;0m▄▄▄▄▄▄▄▄▄▄▄▄▄▄▄▄▄▄▄▄▄▄▄▄▄▄▄▄▄▄▄▄▄▄▄▄▄▄▄▄▄▄▄▄▄▄▄▄▄▄▄[0m
[48;2;0;0;0m[38;2;0;0;0m▄▄▄▄▄▄▄▄▄▄▄▄▄▄▄▄▄▄▄▄▄▄▄▄▄▄▄▄▄▄▄▄▄▄▄▄▄▄▄▄▄▄▄▄▄▄▄▄▄▄▄[0m
[48;2;0;0;0m[38;2;0;0;0m▄▄▄▄▄▄▄▄▄▄▄▄▄▄▄▄▄▄▄▄▄▄▄▄▄▄▄▄▄▄▄▄▄▄▄▄▄▄▄▄▄▄▄▄▄▄▄▄▄▄▄[0m
