[48;2;0;0;0m[38;2;0;0;0m▄▄▄▄▄▄▄▄▄▄▄▄▄▄▄▄▄▄▄▄▄▄▄▄▄▄▄▄▄▄▄▄▄▄▄▄▄▄▄▄▄▄▄▄▄▄▄▄▄▄▄[0m
[48;2;0;0;0m[38;2;0;0;0m▄▄▄▄▄▄▄▄▄▄▄▄▄▄▄▄▄▄▄▄▄▄▄▄▄▄▄▄▄▄▄▄▄▄▄▄▄▄▄▄▄▄▄▄▄▄▄▄▄▄▄[0m
[48;2;0;0;0m[38;2;0;0;0m▄▄▄▄▄▄▄▄▄▄▄▄▄▄▄▄▄▄▄▄▄▄▄▄▄▄▄▄▄▄▄▄▄▄▄▄▄▄▄▄▄▄▄▄▄▄▄▄▄▄▄[0m
[48;2;0;0;0m[38;2;0;0;0m▄▄▄▄▄▄▄▄▄▄▄▄▄▄▄▄▄▄▄▄▄▄▄▄▄▄▄▄▄▄▄▄▄▄▄▄▄▄▄▄▄▄▄▄▄▄▄▄▄▄▄[0m
[48;2;0;0;0m[38;2;0;0;0m▄▄▄▄▄▄▄▄▄▄▄▄▄▄▄▄▄▄▄▄▄▄▄▄▄▄▄▄▄▄▄▄▄▄▄▄▄▄▄▄▄▄▄▄▄▄▄▄▄▄▄[0m
[48;2;0;0;0m[38;2;0;0;0m▄▄▄▄▄▄▄▄▄▄▄▄▄▄▄▄▄▄▄▄▄▄▄▄▄▄▄[38;2;77;11;0m▄[38;2;102;16;0m▄[38;2;0;0;0m▄▄[38;2;82;12;0m▄[38;2;104;19;0m▄[38;2;117;26;0m▄[38;2;92;14;0m▄[38;2;109;21;0m▄[38;2;254;222;47m▄[38;2;112;22;0m▄[38;2;255;248;76m▄[48;2;85;0;0m[38;2;110;22;0m▄[48;2;99;18;0m[38;2;255;234;61m▄[48;2;0;0;0m[38;2;255;212;23m▄[38;2;0;0;0m▄▄▄▄▄▄▄▄▄[0m
[48;2;0;0;0m[38;2;0;0;0m▄▄▄▄▄▄[38;2;91;15;0m▄[38;2;104;19;0m▄[38;2;108;21;0m▄[38;2;102;20;0m▄[38;2;0;0;0m▄[38;2;97;16;0m▄[38;2;236;192;30m▄[38;2;254;216;41m▄[38;2;0;0;0m▄[48;2;98;0;0m[38;2;110;22;0m▄[48;2;98;16;0m[38;2;255;231;63m▄[48;2;0;0;0m[38;2;255;198;0m▄[48;2;102;19;0m[38;2;194;137;25m▄[48;2;103;19;0m[38;2;255;233;67m▄[48;2;104;20;0m[38;2;255;233;65m▄[48;2;107;21;0m[38;2;255;232;64m▄[48;2;117;34;1m[38;2;255;227;55m▄[48;2;107;20;0m[38;2;111;22;0m▄[48;2;255;222;47m[38;2;255;235;70m▄[48;2;0;0;0m[38;2;0;0;0m▄▄[48;2;98;17;0m[38;2;99;17;0m▄[48;2;255;249;79m[38;2;255;249;81m▄[48;2;255;248;77m[38;2;255;248;78m▄[48;2;0;0;0m[38;2;0;0;0m▄[48;2;94;14;0m[38;2;89;14;0m▄[48;2;115;23;0m[38;2;116;24;0m▄[48;2;255;251;83m[38;2;255;251;83m▄[48;2;94;16;0m[38;2;97;16;0m▄[48;2;118;26;0m[38;2;138;41;0m▄[48;2;255;249;77m[38;2;255;248;77m▄[48;2;102;18;0m[38;2;95;15;0m▄[48;2;255;244;74m[38;2;117;24;0m▄[48;2;255;224;50m[38;2;255;234;68m▄[48;2;255;235;65m[38;2;255;216;38m▄[48;2;0;0;0m[38;2;0;0;0m▄▄▄▄▄▄▄▄▄▄[0m
[48;2;0;0;0m[38;2;0;0;0m▄▄▄▄▄▄[48;2;150;72;6m[38;2;255;226;56m▄[48;2;255;231;63m[38;2;255;227;59m▄[48;2;255;229;58m[38;2;105;19;0m▄[48;2;255;233;65m[38;2;169;73;0m▄[48;2;254;220;46m[38;2;0;0;0m▄[48;2;100;17;0m[38;2;99;17;0m▄[48;2;255;230;62m[38;2;255;223;56m▄[48;2;255;229;59m[38;2;255;224;57m▄[48;2;0;0;0m[38;2;255;221;52m▄[48;2;108;21;0m[38;2;255;220;53m▄[48;2;255;231;65m[38;2;255;223;58m▄[48;2;255;226;28m[38;2;255;210;36m▄[48;2;192;131;24m[38;2;192;131;25m▄[48;2;255;229;63m[38;2;255;221;56m▄[48;2;103;19;0m[38;2;255;218;49m▄[48;2;107;20;0m[38;2;255;217;46m▄[48;2;100;18;0m[38;2;255;204;27m▄[48;2;111;21;0m[38;2;110;21;0m▄[48;2;255;229;64m[38;2;255;218;53m▄[48;2;0;0;0m[38;2;0;0;0m▄[38;2;95;15;0m▄[48;2;99;17;0m[38;2;101;18;0m▄[48;2;255;240;71m[38;2;255;227;59m▄[48;2;255;242;71m[38;2;255;231;62m▄[48;2;0;0;0m[38;2;105;20;0m▄[48;2;88;14;0m[38;2;103;19;0m▄[48;2;121;28;0m[38;2;112;22;0m▄[48;2;255;251;83m[38;2;255;247;79m▄[48;2;100;17;0m[38;2;229;151;17m▄[48;2;217;113;1m[38;2;255;235;67m▄[48;2;255;245;75m[38;2;238;191;33m▄[48;2;107;20;0m[38;2;117;25;0m▄[48;2;255;219;50m[38;2;255;211;42m▄[48;2;235;188;39m[38;2;110;23;0m▄[48;2;255;211;43m[38;2;255;197;28m▄[48;2;0;0;0m[38;2;255;195;14m▄[38;2;0;0;0m▄▄▄▄▄▄▄▄▄[0m
[48;2;0;0;0m[38;2;0;0;0m▄▄▄▄▄[38;2;86;14;0m▄[48;2;246;181;15m[38;2;105;20;0m▄[48;2;255;221;53m[38;2;112;24;0m▄[48;2;255;221;54m[38;2;0;0;0m▄[48;2;255;219;53m[38;2;255;204;31m▄[48;2;255;211;39m[38;2;255;207;44m▄[48;2;96;16;0m[38;2;100;16;0m▄[48;2;255;214;46m[38;2;255;204;37m▄[48;2;255;216;50m[38;2;255;202;35m▄[48;2;255;216;44m[38;2;0;0;0m▄[48;2;246;201;38m[38;2;109;21;0m▄[48;2;255;212;48m[38;2;255;199;36m▄[48;2;255;210;36m[38;2;255;202;28m▄[48;2;191;124;20m[38;2;191;115;13m▄[48;2;255;208;44m[38;2;255;195;32m▄[48;2;106;20;0m[38;2;255;194;29m▄[48;2;105;20;0m[38;2;255;193;28m▄[48;2;104;19;0m[38;2;255;194;22m▄[48;2;110;21;0m[38;2;111;22;0m▄[48;2;255;203;40m[38;2;255;193;25m▄[48;2;255;200;33m[38;2;255;195;25m▄[48;2;255;201;36m[38;2;255;197;24m▄[48;2;244;187;27m[38;2;255;198;14m▄[48;2;255;212;43m[38;2;0;0;0m▄[48;2;255;218;52m▄[48;2;255;223;57m▄[48;2;255;225;55m▄[48;2;0;0;0m▄[48;2;252;199;23m▄[48;2;255;227;56m▄[48;2;255;210;30m▄[48;2;0;0;0m▄▄▄▄▄▄▄▄▄▄▄▄▄▄▄[0m
[48;2;0;0;0m[38;2;0;0;0m▄▄▄▄▄▄[48;2;255;197;26m▄[48;2;255;198;32m[38;2;255;189;18m▄[48;2;191;117;13m[38;2;255;189;21m▄[48;2;255;193;26m[38;2;255;188;17m▄[48;2;255;195;26m[38;2;0;0;0m▄[48;2;90;15;0m▄[48;2;255;191;23m▄[48;2;255;194;23m▄[48;2;0;0;0m▄[48;2;111;23;0m▄[48;2;255;192;21m▄[48;2;255;189;14m▄[48;2;255;182;0m▄[48;2;0;0;0m▄▄▄▄▄▄▄▄▄▄▄▄▄▄▄▄▄▄▄▄▄▄▄▄▄▄▄▄▄▄▄▄[0m
[48;2;0;0;0m[38;2;0;0;0m▄▄▄▄▄▄▄▄▄▄▄▄▄▄▄▄▄▄▄▄▄▄▄▄▄▄▄▄▄▄▄▄▄▄▄▄▄▄▄▄▄▄▄▄▄▄▄▄▄▄▄[0m
[48;2;0;0;0m[38;2;0;0;0m▄▄▄▄▄▄▄▄▄▄▄▄▄▄▄▄▄▄▄▄▄▄▄▄▄▄▄▄▄▄▄▄▄▄▄▄▄▄▄▄▄▄▄▄▄▄▄▄▄▄▄[0m
[48;2;0;0;0m[38;2;0;0;0m▄▄▄▄▄▄▄▄▄▄▄▄▄▄▄▄▄▄▄▄▄▄▄▄▄▄▄▄▄▄▄▄▄▄▄▄▄▄▄▄▄▄▄▄▄▄▄▄▄▄▄[0m
[48;2;0;0;0m[38;2;0;0;0m▄▄▄▄▄▄▄▄▄▄▄▄▄▄▄▄▄▄▄▄▄▄▄▄▄▄▄▄▄▄▄▄▄▄▄▄▄▄▄▄▄▄▄▄▄▄▄▄▄▄▄[0m
[48;2;0;0;0m[38;2;0;0;0m▄▄▄▄▄▄▄▄▄▄▄▄▄▄▄▄▄▄▄▄▄▄▄▄▄▄▄▄▄▄▄▄▄▄▄▄▄▄▄▄▄▄▄▄▄▄▄▄▄▄▄[0m
