[48;2;0;0;0m[38;2;0;0;0m▄▄▄▄▄▄▄▄▄▄▄▄▄▄▄▄▄▄▄▄▄▄▄▄▄▄▄▄▄▄▄▄▄▄▄▄▄▄▄▄▄▄▄▄▄▄▄▄▄▄▄[0m
[48;2;0;0;0m[38;2;0;0;0m▄▄▄▄▄▄▄▄▄▄▄▄▄▄▄▄▄▄▄▄▄▄▄▄▄▄▄▄▄▄▄▄▄▄▄▄▄▄▄▄▄▄▄▄▄▄▄▄▄▄▄[0m
[48;2;0;0;0m[38;2;0;0;0m▄▄▄▄▄▄▄▄▄▄▄▄▄▄▄▄▄▄▄▄▄▄▄▄▄▄▄▄▄▄▄▄▄▄▄▄▄▄▄▄▄▄▄▄▄▄▄▄▄▄▄[0m
[48;2;0;0;0m[38;2;0;0;0m▄▄▄▄▄▄▄▄▄▄▄▄▄▄▄▄▄▄▄▄▄▄▄▄▄▄▄▄▄▄▄▄▄▄▄▄▄▄▄▄▄▄▄▄▄▄▄▄▄▄▄[0m
[48;2;0;0;0m[38;2;0;0;0m▄▄▄▄▄▄▄▄▄▄▄▄▄▄▄▄▄▄▄▄▄▄▄▄▄▄▄▄▄▄▄▄▄▄▄▄▄▄▄▄▄▄▄▄▄▄▄▄▄▄▄[0m
[48;2;0;0;0m[38;2;0;0;0m▄▄▄▄▄▄▄▄▄▄[38;2;255;212;24m▄[38;2;255;246;77m▄[48;2;172;47;0m[38;2;255;249;79m▄[48;2;162;42;0m[38;2;177;49;0m▄[48;2;0;0;0m[38;2;255;243;68m▄[38;2;254;241;70m▄[38;2;164;44;0m▄[38;2;214;126;14m▄[38;2;172;46;0m▄[38;2;164;44;0m▄[38;2;170;47;0m▄[38;2;167;45;0m▄[38;2;166;45;0m▄[38;2;163;42;0m▄[38;2;0;0;0m▄▄▄▄▄▄▄▄▄▄▄▄▄▄▄▄▄▄▄▄▄▄▄▄▄▄▄[0m
[48;2;0;0;0m[38;2;0;0;0m▄▄▄▄▄▄▄▄▄▄[48;2;255;225;41m▄[48;2;255;239;70m[38;2;255;216;36m▄[48;2;186;57;0m[38;2;255;242;73m▄[48;2;178;52;0m[38;2;223;139;14m▄[48;2;255;237;56m[38;2;255;214;31m▄[48;2;255;246;76m[38;2;255;251;83m▄[48;2;169;46;0m[38;2;255;250;81m▄[48;2;255;250;81m[38;2;255;252;83m▄[48;2;179;50;0m[38;2;184;55;0m▄[48;2;255;250;81m[38;2;255;251;83m▄[48;2;255;251;82m[38;2;254;233;64m▄[48;2;255;249;80m[38;2;173;48;0m▄[48;2;255;242;73m[38;2;168;46;0m▄[48;2;177;52;0m[38;2;168;47;0m▄[48;2;255;234;66m[38;2;255;235;69m▄[48;2;175;49;0m[38;2;179;51;0m▄[48;2;158;40;0m[38;2;158;40;0m▄[48;2;0;0;0m[38;2;0;0;0m▄[48;2;189;57;0m[38;2;255;229;60m▄[48;2;171;47;0m[38;2;255;231;63m▄[48;2;161;42;0m[38;2;165;44;0m▄[48;2;0;0;0m[38;2;0;0;0m▄▄[38;2;255;229;59m▄[38;2;254;214;45m▄[38;2;161;42;0m▄[38;2;251;184;14m▄[38;2;168;46;0m▄[38;2;166;45;0m▄[38;2;170;47;0m▄[38;2;168;46;0m▄[38;2;160;43;0m▄[38;2;0;0;0m▄▄▄▄▄▄▄▄▄[0m
[48;2;0;0;0m[38;2;0;0;0m▄▄▄▄▄▄▄▄▄▄[48;2;255;208;30m▄[48;2;243;178;29m[38;2;255;202;31m▄[48;2;177;51;0m[38;2;255;209;37m▄[48;2;255;234;64m[38;2;210;102;6m▄[48;2;251;175;20m[38;2;255;225;49m▄[48;2;255;247;76m[38;2;255;237;68m▄[48;2;169;46;0m[38;2;167;45;0m▄[48;2;255;251;82m[38;2;255;241;73m▄[48;2;207;87;0m[38;2;211;121;17m▄[48;2;255;246;78m[38;2;255;231;63m▄[48;2;255;242;73m[38;2;255;225;55m▄[48;2;255;235;65m[38;2;171;47;0m▄[48;2;255;228;59m[38;2;167;45;0m▄[48;2;173;49;0m[38;2;165;44;0m▄[48;2;255;227;62m[38;2;255;216;50m▄[48;2;179;51;0m[38;2;179;51;0m▄[48;2;158;40;0m[38;2;160;42;0m▄[48;2;0;0;0m[38;2;0;0;0m▄[48;2;255;222;53m[38;2;255;213;42m▄[48;2;255;226;57m[38;2;255;217;48m▄[48;2;164;44;0m[38;2;164;43;0m▄[48;2;0;0;0m[38;2;0;0;0m▄▄[48;2;255;229;62m[38;2;255;223;57m▄[48;2;251;218;53m[38;2;250;210;45m▄[48;2;160;42;0m[38;2;162;42;0m▄[48;2;255;224;49m[38;2;255;217;42m▄[48;2;255;234;68m[38;2;255;228;62m▄[48;2;173;48;0m[38;2;169;46;0m▄[48;2;255;212;31m[38;2;0;0;0m▄[48;2;255;232;63m[38;2;255;228;61m▄[48;2;172;47;0m[38;2;255;211;35m▄[48;2;0;0;0m[38;2;255;227;58m▄[48;2;255;230;61m[38;2;255;230;62m▄[48;2;255;210;26m[38;2;164;45;0m▄[48;2;0;0;0m[38;2;0;0;0m▄▄▄▄▄▄[0m
[48;2;0;0;0m[38;2;0;0;0m▄▄▄▄▄▄▄▄▄▄▄▄▄▄▄▄▄[48;2;255;214;34m▄[48;2;214;124;13m▄[48;2;255;213;36m▄[48;2;255;212;43m▄[48;2;255;206;40m▄[48;2;255;202;35m▄[48;2;176;49;0m▄[48;2;255;201;37m[38;2;255;193;21m▄[48;2;255;197;30m[38;2;255;193;24m▄[48;2;254;194;28m[38;2;255;193;26m▄[48;2;178;57;1m[38;2;246;175;17m▄[48;2;255;205;38m[38;2;255;194;23m▄[48;2;255;203;38m[38;2;255;194;30m▄[48;2;169;45;0m[38;2;255;194;29m▄[48;2;164;44;0m[38;2;255;193;27m▄[48;2;164;42;0m[38;2;173;47;0m▄[48;2;255;213;47m[38;2;255;200;32m▄[48;2;250;199;38m[38;2;255;199;31m▄[48;2;160;42;0m[38;2;172;48;0m▄[48;2;255;212;41m[38;2;255;203;35m▄[48;2;255;218;52m[38;2;255;206;40m▄[48;2;168;45;0m[38;2;168;45;0m▄[48;2;0;0;0m[38;2;0;0;0m▄[48;2;255;210;31m[38;2;255;207;39m▄[48;2;255;224;58m[38;2;255;214;49m▄[48;2;255;224;59m[38;2;255;214;47m▄[48;2;165;44;0m[38;2;173;48;0m▄[48;2;0;0;0m[38;2;0;0;0m▄▄▄▄▄▄▄[0m
[48;2;0;0;0m[38;2;0;0;0m▄▄▄▄▄▄▄▄▄▄▄▄▄▄▄▄▄▄▄▄▄▄▄▄▄▄▄▄▄▄▄[48;2;255;190;18m▄[48;2;180;45;0m▄[48;2;0;0;0m▄[48;2;255;191;23m▄[48;2;255;192;27m▄[48;2;255;193;28m▄[48;2;253;189;20m▄[48;2;0;0;0m[38;2;255;190;6m▄[48;2;255;194;21m[38;2;255;192;19m▄[48;2;255;199;35m[38;2;253;188;17m▄[48;2;172;52;0m[38;2;0;0;0m▄[48;2;255;203;36m[38;2;255;194;17m▄[48;2;255;199;29m[38;2;255;193;27m▄[48;2;164;44;0m[38;2;175;49;0m▄[48;2;0;0;0m[38;2;159;41;0m▄[38;2;0;0;0m▄▄▄▄▄[0m
[48;2;0;0;0m[38;2;0;0;0m▄▄▄▄▄▄▄▄▄▄▄▄▄▄▄▄▄▄▄▄▄▄▄▄▄▄▄▄▄▄▄▄▄▄▄▄▄▄▄▄▄▄▄▄▄▄▄▄▄▄▄[0m
[48;2;0;0;0m[38;2;0;0;0m▄▄▄▄▄▄▄▄▄▄▄▄▄▄▄▄▄▄▄▄▄▄▄▄▄▄▄▄▄▄▄▄▄▄▄▄▄▄▄▄▄▄▄▄▄▄▄▄▄▄▄[0m
[48;2;0;0;0m[38;2;0;0;0m▄▄▄▄▄▄▄▄▄▄▄▄▄▄▄▄▄▄▄▄▄▄▄▄▄▄▄▄▄▄▄▄▄▄▄▄▄▄▄▄▄▄▄▄▄▄▄▄▄▄▄[0m
[48;2;0;0;0m[38;2;0;0;0m▄▄▄▄▄▄▄▄▄▄▄▄▄▄▄▄▄▄▄▄▄▄▄▄▄▄▄▄▄▄▄▄▄▄▄▄▄▄▄▄▄▄▄▄▄▄▄▄▄▄▄[0m
[48;2;0;0;0m[38;2;0;0;0m▄▄▄▄▄▄▄▄▄▄▄▄▄▄▄▄▄▄▄▄▄▄▄▄▄▄▄▄▄▄▄▄▄▄▄▄▄▄▄▄▄▄▄▄▄▄▄▄▄▄▄[0m
