[48;2;0;0;0m[38;2;0;0;0m▄▄▄▄▄▄▄▄▄▄▄▄▄▄▄▄▄▄▄▄▄▄▄▄▄▄▄▄▄▄▄▄▄▄▄▄▄▄▄▄▄▄▄▄▄▄▄▄▄▄▄[0m
[48;2;0;0;0m[38;2;0;0;0m▄▄▄▄▄▄▄▄▄▄▄▄▄▄▄▄▄▄▄▄▄▄▄▄▄▄▄▄▄▄▄▄▄▄▄▄▄▄▄▄▄▄▄▄▄▄▄▄▄▄▄[0m
[48;2;0;0;0m[38;2;0;0;0m▄▄▄▄▄▄▄▄▄▄▄▄▄▄▄▄▄▄▄▄▄▄▄▄▄▄▄▄▄▄▄▄▄▄▄▄▄▄▄▄▄▄▄▄▄▄▄▄▄▄▄[0m
[48;2;0;0;0m[38;2;0;0;0m▄▄▄▄▄▄▄▄▄▄▄▄▄▄▄▄▄▄▄▄▄▄▄▄▄▄▄▄▄▄▄▄▄▄▄▄▄▄▄▄▄▄▄▄▄▄▄▄▄▄▄[0m
[48;2;0;0;0m[38;2;0;0;0m▄▄▄▄▄▄▄▄▄▄▄▄▄▄▄▄▄▄▄▄▄▄▄▄▄▄▄▄▄▄▄▄▄▄▄▄▄▄▄▄▄▄▄▄▄▄▄▄▄▄▄[0m
[48;2;0;0;0m[38;2;0;0;0m▄▄▄▄▄▄▄▄▄▄▄▄▄▄▄▄▄▄▄▄▄▄▄▄▄▄▄[38;2;158;40;0m▄[38;2;166;44;0m▄[38;2;0;0;0m▄▄[38;2;162;42;0m▄[38;2;205;116;12m▄[38;2;154;39;0m▄[38;2;173;49;0m▄[48;2;178;25;0m[38;2;255;248;77m▄[48;2;165;43;0m[38;2;173;49;0m▄[48;2;153;51;0m[38;2;255;249;79m▄[48;2;162;43;0m[38;2;178;52;0m▄[48;2;172;48;0m[38;2;255;248;78m▄[48;2;0;0;0m[38;2;0;0;0m▄▄▄▄▄▄▄▄▄▄▄[0m
[48;2;0;0;0m[38;2;0;0;0m▄▄▄▄▄▄▄▄▄▄▄▄[38;2;162;43;0m▄[38;2;169;47;0m▄[38;2;0;0;0m▄[38;2;159;41;0m▄[38;2;250;205;38m▄[38;2;254;225;53m▄[48;2;164;41;0m[38;2;171;48;0m▄[48;2;162;43;0m[38;2;255;232;64m▄[48;2;164;45;0m[38;2;255;233;67m▄[48;2;165;45;0m[38;2;255;234;67m▄[48;2;163;43;0m[38;2;255;229;60m▄[48;2;168;46;0m[38;2;175;50;0m▄[48;2;253;211;38m[38;2;255;233;67m▄[48;2;0;0;0m[38;2;0;0;0m▄▄[48;2;164;44;0m[38;2;165;44;0m▄[48;2;255;238;65m[38;2;255;236;67m▄[38;2;255;233;54m▄[48;2;0;0;0m[38;2;0;0;0m▄[48;2;167;45;0m[38;2;167;45;0m▄[48;2;255;250;79m[38;2;255;249;78m▄[48;2;156;40;0m[38;2;157;40;0m▄[48;2;176;51;0m[38;2;173;48;0m▄[48;2;255;250;79m[38;2;255;251;82m▄[48;2;161;42;0m[38;2;160;41;0m▄[48;2;255;235;59m[38;2;214;124;10m▄[48;2;255;249;80m[38;2;255;243;75m▄[48;2;255;217;30m[38;2;255;215;30m▄[48;2;0;0;0m[38;2;0;0;0m▄▄▄▄▄▄▄▄▄▄▄[0m
[48;2;0;0;0m[38;2;0;0;0m▄▄▄▄▄▄[48;2;155;39;0m[38;2;165;44;0m▄[48;2;168;46;0m[38;2;255;230;61m▄[48;2;255;225;52m[38;2;255;219;43m▄[48;2;255;231;63m[38;2;163;44;0m▄[48;2;255;225;54m[38;2;255;228;58m▄[48;2;0;0;0m[38;2;254;204;22m▄[48;2;170;47;0m[38;2;172;49;0m▄[48;2;255;234;67m[38;2;255;229;64m▄[48;2;0;0;0m[38;2;166;44;0m▄[48;2;161;42;0m[38;2;195;100;14m▄[48;2;255;229;62m[38;2;255;223;56m▄[48;2;255;229;63m[38;2;255;224;56m▄[48;2;170;46;0m[38;2;169;46;0m▄[48;2;255;230;65m[38;2;255;222;57m▄[48;2;168;49;0m[38;2;255;220;52m▄[48;2;164;44;0m[38;2;255;218;49m▄[48;2;159;31;0m[38;2;255;213;40m▄[48;2;173;47;0m[38;2;172;46;0m▄[48;2;255;226;60m[38;2;255;215;49m▄[48;2;0;0;0m[38;2;127;0;0m▄[38;2;0;0;0m▄[48;2;166;44;0m[38;2;167;45;0m▄[48;2;255;227;60m[38;2;255;213;48m▄[48;2;255;227;48m[38;2;181;75;7m▄[48;2;0;0;0m[38;2;184;79;7m▄[48;2;167;45;0m[38;2;203;107;9m▄[48;2;255;246;76m[38;2;255;231;61m▄[48;2;163;43;0m[38;2;255;233;64m▄[48;2;175;49;0m[38;2;255;236;68m▄[48;2;255;249;80m[38;2;230;156;12m▄[48;2;172;47;0m[38;2;234;164;17m▄[48;2;255;235;66m[38;2;255;220;43m▄[48;2;191;75;2m[38;2;0;0;0m▄[48;2;255;214;44m[38;2;255;200;25m▄[48;2;0;0;0m[38;2;0;0;0m▄▄▄▄▄▄▄▄▄▄▄[0m
[48;2;0;0;0m[38;2;0;0;0m▄▄▄▄▄▄[48;2;167;46;0m▄[48;2;255;226;59m[38;2;255;188;11m▄[48;2;255;223;56m[38;2;255;212;38m▄[48;2;255;220;50m[38;2;255;214;44m▄[48;2;254;211;37m[38;2;255;215;49m▄[48;2;0;0;0m[38;2;255;208;39m▄[48;2;168;45;0m[38;2;167;45;0m▄[48;2;255;221;55m[38;2;255;209;45m▄[48;2;255;220;53m[38;2;255;205;33m▄[48;2;255;218;49m[38;2;160;42;0m▄[48;2;255;216;50m[38;2;255;203;35m▄[48;2;255;215;47m[38;2;255;202;37m▄[48;2;170;47;0m[38;2;168;46;0m▄[48;2;255;210;46m[38;2;255;197;34m▄[48;2;199;89;3m[38;2;255;194;29m▄[48;2;163;43;0m[38;2;255;194;28m▄[48;2;164;49;0m[38;2;255;193;26m▄[48;2;172;47;0m[38;2;175;48;0m▄[48;2;255;202;38m[38;2;255;193;24m▄[48;2;255;196;30m[38;2;255;193;23m▄[38;2;255;195;23m▄[48;2;181;53;0m[38;2;0;0;0m▄[48;2;255;196;32m▄[48;2;255;202;36m▄[48;2;255;206;39m▄[48;2;255;204;32m▄[48;2;0;0;0m▄▄▄▄▄▄▄▄▄▄▄▄▄▄▄▄▄▄▄[0m
[48;2;0;0;0m[38;2;0;0;0m▄▄▄▄▄▄[48;2;163;44;0m▄[48;2;228;150;19m[38;2;255;195;25m▄[48;2;241;174;17m[38;2;255;193;28m▄[48;2;165;44;0m[38;2;255;189;24m▄[48;2;255;199;32m[38;2;255;192;23m▄[48;2;255;199;31m[38;2;0;0;0m▄[48;2;171;48;0m[38;2;191;63;0m▄[48;2;255;196;33m[38;2;255;190;18m▄[48;2;255;198;27m[38;2;0;0;0m▄[48;2;161;42;0m▄[48;2;255;192;23m▄[48;2;255;193;21m▄[48;2;170;46;0m▄[48;2;255;190;19m▄[48;2;255;188;18m▄[48;2;0;0;0m▄▄▄▄▄▄▄▄▄▄▄▄▄▄▄▄▄▄▄▄▄▄▄▄▄▄▄▄▄▄[0m
[48;2;0;0;0m[38;2;0;0;0m▄▄▄▄▄▄▄▄▄▄▄▄▄▄▄▄▄▄▄▄▄▄▄▄▄▄▄▄▄▄▄▄▄▄▄▄▄▄▄▄▄▄▄▄▄▄▄▄▄▄▄[0m
[48;2;0;0;0m[38;2;0;0;0m▄▄▄▄▄▄▄▄▄▄▄▄▄▄▄▄▄▄▄▄▄▄▄▄▄▄▄▄▄▄▄▄▄▄▄▄▄▄▄▄▄▄▄▄▄▄▄▄▄▄▄[0m
[48;2;0;0;0m[38;2;0;0;0m▄▄▄▄▄▄▄▄▄▄▄▄▄▄▄▄▄▄▄▄▄▄▄▄▄▄▄▄▄▄▄▄▄▄▄▄▄▄▄▄▄▄▄▄▄▄▄▄▄▄▄[0m
[48;2;0;0;0m[38;2;0;0;0m▄▄▄▄▄▄▄▄▄▄▄▄▄▄▄▄▄▄▄▄▄▄▄▄▄▄▄▄▄▄▄▄▄▄▄▄▄▄▄▄▄▄▄▄▄▄▄▄▄▄▄[0m
[48;2;0;0;0m[38;2;0;0;0m▄▄▄▄▄▄▄▄▄▄▄▄▄▄▄▄▄▄▄▄▄▄▄▄▄▄▄▄▄▄▄▄▄▄▄▄▄▄▄▄▄▄▄▄▄▄▄▄▄▄▄[0m
