[48;2;0;0;0m[38;2;0;0;0m▄▄▄▄▄▄▄▄▄▄▄▄▄▄▄▄▄▄▄▄▄▄▄▄▄▄▄▄▄▄▄▄▄▄▄▄▄▄▄▄▄▄▄▄▄▄▄▄▄▄▄[0m
[48;2;0;0;0m[38;2;0;0;0m▄▄▄▄▄▄▄▄▄▄▄▄▄▄▄▄▄▄▄▄▄▄▄▄▄▄▄▄▄▄▄▄▄▄▄▄▄▄▄▄▄▄▄▄▄▄▄▄▄▄▄[0m
[48;2;0;0;0m[38;2;0;0;0m▄▄▄▄▄▄▄▄▄▄▄▄▄▄▄▄▄▄▄▄▄▄▄▄▄▄▄▄▄▄▄▄▄▄▄▄▄▄▄▄▄▄▄▄▄▄▄▄▄▄▄[0m
[48;2;0;0;0m[38;2;0;0;0m▄▄▄▄▄▄▄▄▄▄▄▄▄▄▄▄▄▄▄▄▄▄▄▄▄▄▄▄▄▄▄▄▄▄▄▄▄▄▄▄▄▄▄▄▄▄▄▄▄▄▄[0m
[48;2;0;0;0m[38;2;0;0;0m▄▄▄▄▄▄▄▄▄▄▄▄▄▄▄▄▄▄▄▄▄▄▄▄▄▄▄▄▄▄▄▄▄▄▄▄▄▄▄▄▄▄▄▄▄▄▄▄▄▄▄[0m
[48;2;0;0;0m[38;2;0;0;0m▄▄▄▄▄▄▄▄▄▄▄▄▄▄▄▄▄▄▄▄▄▄▄▄▄▄▄▄[38;2;96;16;0m▄[38;2;0;0;0m▄▄▄[38;2;102;18;0m▄[38;2;106;21;0m▄[38;2;85;0;0m▄[38;2;105;19;0m▄[38;2;205;138;24m▄[38;2;108;21;0m▄[38;2;255;243;70m▄[38;2;104;19;0m▄[38;2;131;44;2m▄[38;2;255;232;60m▄[38;2;0;0;0m▄▄▄▄▄▄▄▄▄[0m
[48;2;0;0;0m[38;2;0;0;0m▄▄▄▄▄▄[38;2;94;16;0m▄[38;2;102;19;0m▄[38;2;101;17;0m▄[38;2;100;18;0m▄[38;2;0;0;0m▄[38;2;99;18;0m▄[38;2;254;223;53m▄[38;2;255;219;39m▄[38;2;0;0;0m▄[48;2;98;16;0m[38;2;114;29;1m▄[48;2;96;17;0m[38;2;255;232;63m▄[48;2;0;0;0m[38;2;0;0;0m▄[48;2;99;18;0m[38;2;255;225;53m▄[48;2;102;20;0m[38;2;255;234;68m▄[48;2;101;18;0m[38;2;255;232;65m▄[48;2;106;22;0m[38;2;255;231;62m▄[48;2;117;41;4m[38;2;255;229;57m▄[48;2;106;20;0m[38;2;114;23;0m▄[48;2;255;225;49m[38;2;255;237;71m▄[48;2;0;0;0m[38;2;0;0;0m▄▄[48;2;93;16;0m[38;2;95;16;0m▄[48;2;255;247;75m[38;2;255;250;80m▄[48;2;255;250;81m[38;2;255;251;82m▄[48;2;0;0;0m[38;2;0;0;0m▄▄[48;2;111;22;0m[38;2;115;24;0m▄[48;2;255;251;83m[38;2;255;252;84m▄[48;2;85;0;0m[38;2;87;12;0m▄[48;2;111;21;0m[38;2;112;22;0m▄[48;2;255;251;82m[38;2;255;252;83m▄[48;2;94;16;0m[38;2;63;0;0m▄[48;2;248;207;35m[38;2;110;21;0m▄[48;2;255;239;70m[38;2;255;232;65m▄[48;2;255;234;66m[38;2;255;226;56m▄[48;2;255;212;0m[38;2;0;0;0m▄[48;2;0;0;0m▄▄▄▄▄▄▄▄▄[0m
[48;2;0;0;0m[38;2;0;0;0m▄▄▄▄▄[48;2;91;18;0m▄[48;2;254;211;34m[38;2;255;226;58m▄[48;2;255;231;64m[38;2;255;225;57m▄[48;2;255;223;50m[38;2;136;48;1m▄[48;2;255;232;65m[38;2;110;22;0m▄[48;2;254;217;44m[38;2;0;0;0m▄[48;2;98;17;0m[38;2;95;16;0m▄[48;2;255;231;64m[38;2;255;223;57m▄[48;2;255;226;58m[38;2;255;224;57m▄[48;2;93;14;0m[38;2;255;220;52m▄[48;2;114;26;0m[38;2;255;222;54m▄[48;2;255;231;65m[38;2;255;223;58m▄[48;2;0;0;0m[38;2;255;255;0m▄[48;2;255;210;44m[38;2;246;179;29m▄[48;2;255;228;62m[38;2;255;221;55m▄[48;2;105;19;0m[38;2;255;217;47m▄▄[48;2;91;18;0m[38;2;255;207;28m▄[48;2;113;23;0m[38;2;111;21;0m▄[48;2;255;231;65m[38;2;255;220;54m▄[48;2;0;0;0m[38;2;0;0;0m▄[38;2;93;16;0m▄[48;2;95;16;0m[38;2;97;16;0m▄[48;2;255;245;78m[38;2;255;232;65m▄[48;2;255;247;78m[38;2;255;235;66m▄[48;2;0;0;0m[38;2;101;18;0m▄[38;2;103;19;0m▄[48;2;112;22;0m[38;2;109;21;0m▄[48;2;255;252;83m[38;2;255;247;79m▄[48;2;92;14;0m[38;2;169;95;12m▄[48;2;117;25;0m[38;2;254;230;61m▄[48;2;255;244;76m[38;2;255;229;59m▄[48;2;100;17;0m[38;2;112;22;0m▄[48;2;155;76;10m[38;2;255;208;40m▄[48;2;255;220;52m[38;2;105;19;0m▄[48;2;255;213;46m[38;2;255;197;26m▄[48;2;0;0;0m[38;2;255;194;21m▄[38;2;0;0;0m▄▄▄▄▄▄▄▄▄[0m
[48;2;0;0;0m[38;2;0;0;0m▄▄▄▄▄[38;2;83;15;0m▄[48;2;253;193;19m[38;2;106;20;0m▄[48;2;255;218;49m[38;2;187;90;2m▄[48;2;255;219;52m[38;2;85;0;0m▄[48;2;255;218;52m[38;2;255;203;31m▄[48;2;255;210;39m[38;2;255;205;41m▄[48;2;97;16;0m[38;2;96;16;0m▄[48;2;255;215;47m[38;2;255;202;36m▄[48;2;255;213;46m[38;2;255;201;30m▄[48;2;255;212;39m[38;2;0;0;0m▄[48;2;214;120;6m[38;2;105;19;0m▄[48;2;255;211;47m[38;2;255;198;36m▄[48;2;255;198;28m[38;2;255;198;28m▄[48;2;211;140;21m[38;2;192;120;15m▄[48;2;255;207;42m[38;2;255;195;32m▄[48;2;103;19;0m[38;2;255;193;28m▄[48;2;105;20;0m▄[48;2;107;22;0m[38;2;255;191;22m▄[48;2;110;21;0m[38;2;110;22;0m▄[48;2;255;205;42m[38;2;255;195;26m▄[48;2;255;202;34m[38;2;255;196;26m▄[48;2;255;203;38m[38;2;255;200;26m▄[48;2;255;200;33m[38;2;255;197;23m▄[48;2;255;216;47m[38;2;0;0;0m▄[48;2;255;223;57m▄[48;2;255;228;61m▄[48;2;255;230;61m▄[48;2;0;0;0m▄[48;2;253;207;24m▄[48;2;255;228;59m▄[48;2;255;217;42m▄[48;2;0;0;0m▄▄▄▄▄▄▄▄▄▄▄▄▄▄▄[0m
[48;2;0;0;0m[38;2;0;0;0m▄▄▄▄▄▄[48;2;255;196;25m▄[48;2;255;196;30m[38;2;255;187;17m▄[48;2;255;191;24m[38;2;255;188;18m▄[48;2;255;193;27m[38;2;0;0;0m▄[48;2;255;193;21m▄[48;2;0;0;0m▄[48;2;255;191;22m▄[48;2;255;191;21m▄[48;2;0;0;0m▄[48;2;103;19;0m▄[48;2;255;191;20m▄[48;2;255;185;11m▄[48;2;0;0;0m▄▄▄▄▄▄▄▄▄▄▄▄▄▄▄▄▄▄▄▄▄▄▄▄▄▄▄▄▄▄▄▄▄[0m
[48;2;0;0;0m[38;2;0;0;0m▄▄▄▄▄▄▄▄▄▄▄▄▄▄▄▄▄▄▄▄▄▄▄▄▄▄▄▄▄▄▄▄▄▄▄▄▄▄▄▄▄▄▄▄▄▄▄▄▄▄▄[0m
[48;2;0;0;0m[38;2;0;0;0m▄▄▄▄▄▄▄▄▄▄▄▄▄▄▄▄▄▄▄▄▄▄▄▄▄▄▄▄▄▄▄▄▄▄▄▄▄▄▄▄▄▄▄▄▄▄▄▄▄▄▄[0m
[48;2;0;0;0m[38;2;0;0;0m▄▄▄▄▄▄▄▄▄▄▄▄▄▄▄▄▄▄▄▄▄▄▄▄▄▄▄▄▄▄▄▄▄▄▄▄▄▄▄▄▄▄▄▄▄▄▄▄▄▄▄[0m
[48;2;0;0;0m[38;2;0;0;0m▄▄▄▄▄▄▄▄▄▄▄▄▄▄▄▄▄▄▄▄▄▄▄▄▄▄▄▄▄▄▄▄▄▄▄▄▄▄▄▄▄▄▄▄▄▄▄▄▄▄▄[0m
[48;2;0;0;0m[38;2;0;0;0m▄▄▄▄▄▄▄▄▄▄▄▄▄▄▄▄▄▄▄▄▄▄▄▄▄▄▄▄▄▄▄▄▄▄▄▄▄▄▄▄▄▄▄▄▄▄▄▄▄▄▄[0m
