[48;2;0;0;0m[38;2;0;0;0m▄▄▄▄▄▄▄▄▄▄▄▄▄▄▄▄▄▄▄▄▄▄▄▄▄▄▄▄▄▄▄▄▄▄▄▄▄▄▄▄▄▄▄▄▄▄▄▄▄▄▄[0m
[48;2;0;0;0m[38;2;0;0;0m▄▄▄▄▄▄▄▄▄▄▄▄▄▄▄▄▄▄▄▄▄▄▄▄▄▄▄▄▄▄▄▄▄▄▄▄▄▄▄▄▄▄▄▄▄▄▄▄▄▄▄[0m
[48;2;0;0;0m[38;2;0;0;0m▄▄▄▄▄▄▄▄▄▄▄▄▄▄▄▄▄▄▄▄▄▄▄▄▄▄▄▄▄▄▄▄▄▄▄▄▄▄▄▄▄▄▄▄▄▄▄▄▄▄▄[0m
[48;2;0;0;0m[38;2;0;0;0m▄▄▄▄▄▄▄▄▄▄▄▄▄▄▄▄▄▄▄▄▄▄▄▄▄▄▄▄▄▄▄▄▄▄▄▄▄▄▄▄▄▄▄▄▄▄▄▄▄▄▄[0m
[48;2;0;0;0m[38;2;0;0;0m▄▄▄▄▄▄▄▄▄▄▄▄▄▄▄▄▄▄▄▄▄▄▄▄▄▄▄▄▄▄▄▄▄▄▄▄▄▄▄▄▄▄▄▄▄▄▄▄▄▄▄[0m
[48;2;0;0;0m[38;2;0;0;0m▄▄▄▄▄▄▄▄▄▄▄▄▄▄▄▄▄▄▄▄▄▄▄▄▄▄▄▄▄▄▄▄▄[38;2;63;0;0m▄[38;2;69;0;0m▄[38;2;0;0;0m▄[38;2;72;9;0m▄[38;2;83;13;0m▄[38;2;68;9;0m▄[38;2;85;11;0m▄[38;2;0;0;0m▄▄[38;2;85;13;0m▄[38;2;88;15;0m▄[38;2;0;0;0m▄▄▄▄▄▄▄[0m
[48;2;0;0;0m[38;2;0;0;0m▄▄▄▄▄▄[38;2;255;226;54m▄[48;2;90;15;0m[38;2;255;231;63m▄[48;2;94;16;0m[38;2;255;229;60m▄[48;2;91;15;0m[38;2;255;232;64m▄[48;2;0;0;0m[38;2;92;16;0m▄[38;2;0;0;0m▄[48;2;99;21;0m[38;2;255;234;68m▄[48;2;95;0;0m[38;2;51;6;0m▄[48;2;0;0;0m[38;2;0;0;0m▄[48;2;108;35;2m[38;2;255;229;61m▄[48;2;114;41;4m[38;2;255;232;65m▄[48;2;0;0;0m[38;2;0;0;0m▄[48;2;204;110;6m[38;2;255;235;68m▄[48;2;242;153;12m[38;2;255;238;68m▄[48;2;255;187;22m[38;2;255;242;73m▄[48;2;255;208;29m[38;2;255;246;78m▄[48;2;253;201;12m[38;2;251;186;14m▄[48;2;92;13;0m[38;2;92;13;0m▄[48;2;255;245;73m[38;2;255;252;84m▄[48;2;0;0;0m[38;2;0;0;0m▄▄▄[48;2;94;17;0m[38;2;93;17;0m▄[48;2;255;249;78m[38;2;255;252;84m▄[48;2;0;0;0m[38;2;0;0;0m▄▄▄[48;2;230;139;11m[38;2;252;171;18m▄[48;2;255;248;78m[38;2;255;248;79m▄[48;2;0;0;0m[38;2;0;0;0m▄[48;2;92;14;0m[38;2;92;15;0m▄[48;2;255;236;68m[38;2;255;235;69m▄[48;2;255;213;33m[38;2;255;210;30m▄[48;2;234;175;14m[38;2;63;0;0m▄[48;2;255;232;63m[38;2;255;228;59m▄[48;2;91;14;0m[38;2;255;223;53m▄[48;2;253;214;39m[38;2;255;227;60m▄[48;2;255;230;61m[38;2;255;212;0m▄[48;2;0;0;0m[38;2;0;0;0m▄▄▄▄▄▄▄[0m
[48;2;0;0;0m[38;2;0;0;0m▄▄▄▄▄▄[48;2;255;226;59m[38;2;255;199;22m▄[48;2;255;221;52m[38;2;255;218;48m▄[48;2;98;17;0m[38;2;255;218;50m▄[48;2;102;18;0m[38;2;255;217;50m▄[48;2;0;0;0m[38;2;247;189;23m▄[38;2;0;0;0m▄[48;2;255;228;63m[38;2;255;219;54m▄[48;2;195;141;28m[38;2;255;217;50m▄[48;2;194;141;28m[38;2;255;216;45m▄[48;2;255;226;58m[38;2;255;218;50m▄[48;2;255;227;60m[38;2;255;217;50m▄[48;2;0;0;0m[38;2;0;0;0m▄[48;2;255;229;61m[38;2;255;219;51m▄[48;2;255;230;63m[38;2;255;221;53m▄[48;2;195;144;28m[38;2;255;221;46m▄[48;2;199;149;30m[38;2;255;225;48m▄[48;2;221;119;0m[38;2;255;198;0m▄[48;2;91;13;0m[38;2;91;13;0m▄[48;2;255;252;84m[38;2;255;247;79m▄[48;2;0;0;0m[38;2;0;0;0m▄▄▄[48;2;91;16;0m[38;2;92;16;0m▄[48;2;255;252;84m[38;2;255;251;83m▄[48;2;0;0;0m[38;2;83;12;0m▄▄[38;2;0;0;0m▄[48;2;255;214;39m[38;2;254;215;42m▄[48;2;255;239;71m[38;2;255;226;60m▄[48;2;0;0;0m[38;2;82;10;0m▄[48;2;90;14;0m[38;2;99;17;0m▄[48;2;255;227;61m[38;2;255;213;48m▄[48;2;0;0;0m[38;2;0;0;0m▄[48;2;76;9;0m[38;2;98;16;0m▄[48;2;115;33;1m[38;2;255;205;39m▄[48;2;255;221;56m[38;2;255;205;35m▄[48;2;255;215;45m[38;2;255;205;41m▄[48;2;0;0;0m[38;2;255;207;15m▄[38;2;0;0;0m▄▄▄▄▄▄▄[0m
[48;2;0;0;0m[38;2;0;0;0m▄▄▄▄▄▄[48;2;255;202;29m[38;2;255;193;21m▄[48;2;203;135;15m[38;2;255;193;27m▄[48;2;85;11;0m[38;2;255;191;24m▄[48;2;255;204;36m[38;2;255;193;27m▄[48;2;255;205;37m[38;2;255;188;17m▄[48;2;0;0;0m[38;2;0;0;0m▄[48;2;255;205;42m[38;2;255;192;27m▄[48;2;240;181;26m[38;2;200;141;16m▄[48;2;0;0;0m[38;2;0;0;0m▄[48;2;255;198;33m[38;2;254;190;21m▄[48;2;255;204;40m[38;2;255;193;25m▄[48;2;0;0;0m[38;2;0;0;0m▄[48;2;255;204;39m[38;2;255;190;23m▄[48;2;255;207;41m[38;2;255;197;29m▄[48;2;112;32;2m[38;2;255;200;31m▄[48;2;137;49;2m[38;2;255;200;33m▄[48;2;226;136;7m[38;2;254;203;33m▄[48;2;90;13;0m[38;2;88;17;0m▄[48;2;255;232;67m[38;2;255;218;44m▄[48;2;255;230;61m[38;2;255;217;46m▄[48;2;255;236;67m[38;2;255;226;52m▄[48;2;255;235;65m[38;2;255;211;34m▄[48;2;95;17;0m[38;2;139;67;3m▄[48;2;255;242;75m[38;2;255;213;36m▄[48;2;255;233;66m[38;2;255;222;43m▄[48;2;255;228;59m[38;2;255;217;43m▄[48;2;255;215;38m[38;2;255;214;26m▄[48;2;85;15;0m[38;2;0;0;0m▄[48;2;255;211;44m▄[48;2;255;203;37m[38;2;255;201;13m▄[48;2;255;200;34m[38;2;0;0;0m▄[48;2;255;200;29m▄[48;2;90;13;0m▄[48;2;255;192;22m▄[48;2;255;195;26m▄[48;2;0;0;0m▄[48;2;255;193;24m▄[48;2;255;193;23m▄[48;2;0;0;0m▄▄▄▄▄▄▄[0m
[48;2;0;0;0m[38;2;0;0;0m▄▄▄▄▄▄▄▄▄▄▄▄▄▄▄▄▄▄▄▄▄▄▄▄▄▄▄▄▄▄▄▄▄▄▄▄▄▄▄▄▄▄▄▄▄▄▄▄▄▄▄[0m
[48;2;0;0;0m[38;2;0;0;0m▄▄▄▄▄▄▄▄▄▄▄▄▄▄▄▄▄▄▄▄▄▄▄▄▄▄▄▄▄▄▄▄▄▄▄▄▄▄▄▄▄▄▄▄▄▄▄▄▄▄▄[0m
[48;2;0;0;0m[38;2;0;0;0m▄▄▄▄▄▄▄▄▄▄▄▄▄▄▄▄▄▄▄▄▄▄▄▄▄▄▄▄▄▄▄▄▄▄▄▄▄▄▄▄▄▄▄▄▄▄▄▄▄▄▄[0m
[48;2;0;0;0m[38;2;0;0;0m▄▄▄▄▄▄▄▄▄▄▄▄▄▄▄▄▄▄▄▄▄▄▄▄▄▄▄▄▄▄▄▄▄▄▄▄▄▄▄▄▄▄▄▄▄▄▄▄▄▄▄[0m
[48;2;0;0;0m[38;2;0;0;0m▄▄▄▄▄▄▄▄▄▄▄▄▄▄▄▄▄▄▄▄▄▄▄▄▄▄▄▄▄▄▄▄▄▄▄▄▄▄▄▄▄▄▄▄▄▄▄▄▄▄▄[0m
[48;2;0;0;0m[38;2;0;0;0m▄▄▄▄▄▄▄▄▄▄▄▄▄▄▄▄▄▄▄▄▄▄▄▄▄▄▄▄▄▄▄▄▄▄▄▄▄▄▄▄▄▄▄▄▄▄▄▄▄▄▄[0m
