[48;2;0;0;0m[38;2;0;0;0m▄▄▄▄▄▄▄▄▄▄▄▄▄▄▄▄▄▄▄▄▄▄▄▄▄▄▄▄▄▄▄▄▄▄▄▄▄▄▄▄▄▄▄▄▄▄▄▄▄▄▄[0m
[48;2;0;0;0m[38;2;0;0;0m▄▄▄▄▄▄▄▄▄▄▄▄▄▄▄▄▄▄▄▄▄▄▄▄▄▄▄▄▄▄▄▄▄▄▄▄▄▄▄▄▄▄▄▄▄▄▄▄▄▄▄[0m
[48;2;0;0;0m[38;2;0;0;0m▄▄▄▄▄▄▄▄▄▄▄▄▄▄▄▄▄▄▄▄▄▄▄▄▄▄▄▄▄▄▄▄▄▄▄▄▄▄▄▄▄▄▄▄▄▄▄▄▄▄▄[0m
[48;2;0;0;0m[38;2;0;0;0m▄▄▄▄▄▄▄▄▄▄▄▄▄▄▄▄▄▄▄▄▄▄▄▄▄▄▄▄▄▄▄▄▄▄▄▄▄▄▄▄▄▄▄▄▄▄▄▄▄▄▄[0m
[48;2;0;0;0m[38;2;0;0;0m▄▄▄▄▄▄▄▄▄▄▄▄▄▄▄▄▄▄▄▄▄▄▄▄▄▄▄▄▄▄▄▄▄▄▄▄▄▄▄▄▄▄▄▄▄▄▄▄▄▄▄[0m
[48;2;0;0;0m[38;2;0;0;0m▄▄▄▄▄▄▄▄▄▄▄▄▄▄▄▄▄▄▄▄▄▄▄▄▄▄▄[38;2;161;40;0m▄[38;2;171;45;0m▄[38;2;0;0;0m▄▄[38;2;161;42;0m▄[38;2;187;65;0m▄[38;2;211;131;9m▄[38;2;169;46;0m▄[38;2;255;249;80m▄[38;2;173;48;0m▄[38;2;255;246;74m▄[48;2;160;41;0m[38;2;221;138;14m▄[48;2;170;46;0m[38;2;254;231;59m▄[48;2;170;42;0m[38;2;253;214;24m▄[48;2;0;0;0m[38;2;0;0;0m▄▄▄▄▄▄▄▄▄▄[0m
[48;2;0;0;0m[38;2;0;0;0m▄▄▄▄▄▄▄[38;2;166;39;0m▄[38;2;168;44;0m▄[38;2;0;0;0m▄▄[38;2;158;40;0m▄[38;2;168;46;0m▄[38;2;172;48;0m▄[38;2;0;0;0m▄[38;2;167;44;0m▄[38;2;255;227;57m▄[38;2;255;221;44m▄[48;2;165;43;0m[38;2;177;50;0m▄[48;2;167;45;0m[38;2;255;233;66m▄[48;2;168;46;0m[38;2;255;233;67m▄[48;2;170;48;0m[38;2;255;233;66m▄[48;2;174;51;0m[38;2;255;229;58m▄[48;2;171;47;0m[38;2;175;49;0m▄[48;2;254;214;43m[38;2;255;233;67m▄[48;2;0;0;0m[38;2;0;0;0m▄▄[48;2;167;45;0m[38;2;167;45;0m▄[48;2;255;242;74m[38;2;255;239;70m▄[48;2;255;234;52m[38;2;255;224;43m▄[48;2;0;0;0m[38;2;0;0;0m▄[48;2;164;44;0m[38;2;164;44;0m▄[48;2;255;251;82m[38;2;255;251;83m▄[48;2;255;244;70m[38;2;255;236;66m▄[48;2;172;47;0m[38;2;173;48;0m▄[48;2;255;250;80m[38;2;255;250;79m▄[48;2;162;42;0m[38;2;158;40;0m▄[48;2;177;50;0m[38;2;176;48;0m▄[48;2;255;249;79m[38;2;255;241;72m▄[48;2;255;242;73m[38;2;255;231;61m▄[48;2;0;0;0m[38;2;0;0;0m▄▄▄▄▄▄▄▄▄▄▄[0m
[48;2;0;0;0m[38;2;0;0;0m▄▄▄▄▄▄[48;2;165;44;0m[38;2;174;49;0m▄[48;2;234;169;22m[38;2;255;232;66m▄[48;2;255;230;62m[38;2;168;47;0m▄[38;2;170;47;0m▄[48;2;255;226;55m[38;2;255;221;48m▄[48;2;161;41;0m[38;2;183;79;2m▄[48;2;223;144;24m[38;2;215;134;22m▄[48;2;255;233;68m[38;2;255;228;63m▄[48;2;0;0;0m[38;2;201;105;14m▄[48;2;169;46;0m[38;2;255;218;47m▄[48;2;255;231;63m[38;2;255;224;58m▄[48;2;255;227;57m[38;2;255;219;51m▄[48;2;178;51;0m[38;2;174;48;0m▄[48;2;255;230;65m[38;2;255;222;57m▄[48;2;170;49;0m[38;2;255;219;51m▄[48;2;169;46;0m[38;2;255;218;48m▄[48;2;159;31;0m[38;2;255;214;39m▄[48;2;173;48;0m[38;2;173;48;0m▄[48;2;255;227;61m[38;2;255;216;50m▄[48;2;0;0;0m[38;2;127;0;0m▄[38;2;255;0;0m▄[48;2;168;46;0m[38;2;169;46;0m▄[48;2;255;230;63m[38;2;255;218;50m▄[48;2;255;220;47m[38;2;255;213;42m▄[48;2;0;0;0m[38;2;170;46;0m▄[48;2;165;44;0m[38;2;196;99;11m▄[48;2;255;250;82m[38;2;254;224;47m▄[48;2;239;212;63m[38;2;255;239;70m▄[48;2;176;49;0m[38;2;255;237;68m▄[48;2;255;249;81m[38;2;255;238;67m▄[48;2;171;47;0m[38;2;178;50;0m▄[48;2;223;147;26m[38;2;255;218;46m▄[48;2;255;224;54m[38;2;0;0;0m▄[48;2;255;216;49m[38;2;238;164;20m▄[48;2;0;0;0m[38;2;255;200;20m▄[38;2;0;0;0m▄▄▄▄▄▄▄▄▄▄[0m
[48;2;0;0;0m[38;2;0;0;0m▄▄▄▄▄▄[48;2;174;49;0m[38;2;163;43;0m▄[48;2;255;225;59m[38;2;173;50;0m▄[48;2;255;222;55m[38;2;255;207;30m▄[48;2;255;219;50m[38;2;255;210;39m▄[48;2;255;211;38m[38;2;255;212;48m▄[48;2;0;0;0m[38;2;255;204;34m▄[48;2;213;123;16m[38;2;207;100;7m▄[48;2;255;219;54m[38;2;255;207;43m▄[48;2;255;217;49m[38;2;0;0;0m▄[48;2;255;216;47m[38;2;165;44;0m▄[48;2;255;214;49m[38;2;255;200;35m▄[48;2;255;211;43m[38;2;255;202;34m▄[48;2;173;47;0m[38;2;172;47;0m▄[48;2;255;209;45m[38;2;255;197;34m▄[48;2;167;45;0m[38;2;255;193;29m▄[48;2;168;45;0m[38;2;255;193;28m▄[48;2;170;45;0m[38;2;255;192;24m▄[48;2;174;49;0m[38;2;180;53;0m▄[48;2;255;202;38m[38;2;255;193;24m▄[48;2;255;197;30m▄[48;2;255;197;31m[38;2;255;195;23m▄[48;2;244;174;21m[38;2;255;195;15m▄[48;2;255;203;35m[38;2;0;0;0m▄[48;2;255;207;41m▄[48;2;255;211;43m▄[48;2;255;212;33m▄[48;2;0;0;0m▄[48;2;255;199;21m▄[48;2;0;0;0m▄▄▄▄▄▄▄▄▄▄▄▄▄▄▄▄▄[0m
[48;2;0;0;0m[38;2;0;0;0m▄▄▄▄▄▄[48;2;211;117;8m▄[48;2;255;201;32m[38;2;255;193;23m▄[48;2;165;45;0m[38;2;255;191;25m▄[48;2;176;50;0m[38;2;255;191;23m▄[48;2;255;199;34m[38;2;255;192;18m▄[48;2;255;196;23m[38;2;0;0;0m▄[48;2;178;52;0m[38;2;191;63;0m▄[48;2;255;195;31m[38;2;0;0;0m▄[48;2;0;0;0m▄[48;2;168;44;0m▄[48;2;255;188;21m▄[48;2;255;194;19m▄[48;2;187;51;0m▄[48;2;255;190;18m▄[48;2;0;0;0m▄▄▄▄▄▄▄▄▄▄▄▄▄▄▄▄▄▄▄▄▄▄▄▄▄▄▄▄▄▄▄[0m
[48;2;0;0;0m[38;2;0;0;0m▄▄▄▄▄▄▄▄▄▄▄▄▄▄▄▄▄▄▄▄▄▄▄▄▄▄▄▄▄▄▄▄▄▄▄▄▄▄▄▄▄▄▄▄▄▄▄▄▄▄▄[0m
[48;2;0;0;0m[38;2;0;0;0m▄▄▄▄▄▄▄▄▄▄▄▄▄▄▄▄▄▄▄▄▄▄▄▄▄▄▄▄▄▄▄▄▄▄▄▄▄▄▄▄▄▄▄▄▄▄▄▄▄▄▄[0m
[48;2;0;0;0m[38;2;0;0;0m▄▄▄▄▄▄▄▄▄▄▄▄▄▄▄▄▄▄▄▄▄▄▄▄▄▄▄▄▄▄▄▄▄▄▄▄▄▄▄▄▄▄▄▄▄▄▄▄▄▄▄[0m
[48;2;0;0;0m[38;2;0;0;0m▄▄▄▄▄▄▄▄▄▄▄▄▄▄▄▄▄▄▄▄▄▄▄▄▄▄▄▄▄▄▄▄▄▄▄▄▄▄▄▄▄▄▄▄▄▄▄▄▄▄▄[0m
[48;2;0;0;0m[38;2;0;0;0m▄▄▄▄▄▄▄▄▄▄▄▄▄▄▄▄▄▄▄▄▄▄▄▄▄▄▄▄▄▄▄▄▄▄▄▄▄▄▄▄▄▄▄▄▄▄▄▄▄▄▄[0m
