[48;2;0;0;0m[38;2;0;0;0m▄▄▄▄▄▄▄▄▄▄▄▄▄▄▄▄▄▄▄▄▄▄▄▄▄▄▄▄▄▄▄▄▄▄▄▄▄▄▄▄▄▄▄▄▄▄▄▄▄▄▄[0m
[48;2;0;0;0m[38;2;0;0;0m▄▄▄▄▄▄▄▄▄▄▄▄▄▄▄▄▄▄▄▄▄▄▄▄▄▄▄▄▄▄▄▄▄▄▄▄▄▄▄▄▄▄▄▄▄▄▄▄▄▄▄[0m
[48;2;0;0;0m[38;2;0;0;0m▄▄▄▄▄▄▄▄▄▄▄▄▄▄▄▄▄▄▄▄▄▄▄▄▄▄▄▄▄▄▄▄▄▄▄▄▄▄▄▄▄▄▄▄▄▄▄▄▄▄▄[0m
[48;2;0;0;0m[38;2;0;0;0m▄▄▄▄▄▄▄▄▄▄▄▄▄▄▄▄▄▄▄▄▄▄▄▄▄▄▄▄▄▄▄▄▄▄▄▄▄▄▄▄▄▄▄▄▄▄▄▄▄▄▄[0m
[48;2;0;0;0m[38;2;0;0;0m▄▄▄▄▄▄▄▄▄▄▄▄▄▄▄▄▄▄▄▄▄▄▄▄▄▄▄▄▄▄▄▄▄▄▄▄▄▄▄▄▄▄▄▄▄▄▄▄▄▄▄[0m
[48;2;0;0;0m[38;2;0;0;0m▄▄▄▄▄▄▄▄▄▄▄▄▄▄▄▄▄▄▄▄▄▄▄▄▄▄[38;2;131;30;0m▄[38;2;144;34;0m▄[38;2;155;33;0m▄[38;2;0;0;0m▄[38;2;136;31;0m▄[38;2;153;38;0m▄[38;2;255;239;62m▄[38;2;149;37;0m▄[48;2;142;33;0m[38;2;255;248;77m▄[48;2;148;38;0m[38;2;160;45;0m▄[48;2;148;42;0m[38;2;255;248;78m▄[48;2;146;36;0m[38;2;191;89;3m▄[48;2;224;162;20m[38;2;255;249;78m▄[48;2;255;205;9m[38;2;0;0;0m▄[48;2;0;0;0m▄▄▄▄▄▄▄▄▄▄▄[0m
[48;2;0;0;0m[38;2;0;0;0m▄▄▄▄▄▄▄▄▄▄▄▄[38;2;139;33;0m▄[38;2;147;37;0m▄[38;2;0;0;0m▄[38;2;136;31;0m▄[38;2;151;38;0m▄[38;2;241;194;38m▄[48;2;109;0;0m[38;2;152;39;0m▄[48;2;143;34;0m[38;2;255;228;60m▄[48;2;145;35;0m[38;2;255;232;64m▄[48;2;149;38;0m[38;2;255;233;67m▄[48;2;143;35;0m[38;2;255;232;64m▄[48;2;150;37;0m[38;2;157;40;0m▄[48;2;249;191;27m[38;2;255;232;65m▄[48;2;0;0;0m[38;2;0;0;0m▄[48;2;131;30;0m[38;2;131;30;0m▄[48;2;153;39;0m[38;2;153;39;0m▄[48;2;255;235;67m[38;2;255;232;65m▄[48;2;0;0;0m[38;2;0;0;0m▄[48;2;136;32;0m[38;2;136;32;0m▄[48;2;160;43;0m[38;2;161;44;0m▄[48;2;255;249;79m[38;2;255;246;76m▄[48;2;151;39;0m[38;2;151;38;0m▄[48;2;255;251;82m[38;2;255;251;82m▄[48;2;146;38;0m[38;2;146;37;0m▄[48;2;157;40;0m[38;2;159;41;0m▄[48;2;255;251;82m[38;2;255;249;80m▄[48;2;255;219;30m[38;2;255;232;57m▄[48;2;0;0;0m[38;2;0;0;0m▄▄▄▄▄▄▄▄▄▄▄▄[0m
[48;2;0;0;0m[38;2;0;0;0m▄▄▄▄▄▄[38;2;135;31;0m▄[48;2;139;32;0m[38;2;155;40;0m▄[48;2;149;37;0m[38;2;255;231;63m▄[48;2;215;149;25m[38;2;255;224;52m▄[48;2;252;195;30m[38;2;255;229;59m▄[48;2;0;0;0m[38;2;255;229;60m▄[48;2;145;36;0m[38;2;148;37;0m▄[48;2;255;230;59m[38;2;255;229;60m▄[48;2;255;229;58m[38;2;255;227;59m▄[48;2;137;32;0m[38;2;147;36;0m▄[48;2;156;40;0m[38;2;158;41;0m▄[48;2;255;233;67m[38;2;255;226;61m▄[48;2;153;39;0m[38;2;151;38;0m▄[48;2;255;229;62m[38;2;255;221;55m▄[48;2;255;225;56m▄[48;2;147;36;0m[38;2;255;219;49m▄[48;2;142;35;0m[38;2;255;215;46m▄[48;2;154;39;0m[38;2;154;39;0m▄[48;2;255;225;59m[38;2;255;215;49m▄[48;2;0;0;0m[38;2;148;37;0m▄[48;2;131;30;0m[38;2;140;32;0m▄[48;2;154;39;0m[38;2;155;39;0m▄[48;2;255;222;56m[38;2;255;209;45m▄[48;2;0;0;0m[38;2;157;44;0m▄[48;2;138;32;0m[38;2;233;169;28m▄[48;2;158;42;0m[38;2;160;44;0m▄[48;2;255;234;65m[38;2;255;221;53m▄[48;2;155;40;0m[38;2;255;224;56m▄[48;2;255;245;76m[38;2;255;228;54m▄[48;2;156;40;0m[38;2;159;42;0m▄[48;2;255;240;70m[38;2;255;222;46m▄[48;2;161;42;0m[38;2;0;0;0m▄[48;2;255;222;53m▄[48;2;0;0;0m▄▄▄▄▄▄▄▄▄▄▄▄[0m
[48;2;0;0;0m[38;2;0;0;0m▄▄▄▄▄▄[48;2;138;31;0m▄[48;2;219;132;15m[38;2;155;38;0m▄[48;2;255;229;63m[38;2;255;218;47m▄[48;2;187;82;3m[38;2;255;220;52m▄[48;2;162;52;1m[38;2;255;220;53m▄[48;2;0;0;0m[38;2;255;215;48m▄[48;2;144;35;0m[38;2;150;38;0m▄[48;2;255;220;52m[38;2;255;208;42m▄[48;2;255;222;57m[38;2;255;211;43m▄[48;2;255;220;54m[38;2;139;33;0m▄[48;2;255;219;52m[38;2;162;46;0m▄[48;2;255;217;52m[38;2;255;205;41m▄[48;2;151;38;0m[38;2;151;38;0m▄[48;2;255;211;44m[38;2;255;199;34m▄[48;2;255;211;41m[38;2;255;197;32m▄[48;2;145;35;0m[38;2;255;193;28m▄[38;2;255;193;27m▄[48;2;154;39;0m[38;2;158;41;0m▄[48;2;255;201;38m[38;2;255;191;23m▄[48;2;255;195;29m[38;2;255;192;23m▄[48;2;255;194;29m[38;2;255;195;21m▄[48;2;162;43;0m[38;2;0;0;0m▄[48;2;255;194;30m▄[48;2;255;197;30m▄[48;2;255;200;31m▄[48;2;0;0;0m▄▄▄▄▄▄▄▄▄▄▄▄▄▄▄▄▄▄▄▄[0m
[48;2;0;0;0m[38;2;0;0;0m▄▄▄▄▄▄[48;2;135;31;0m[38;2;255;0;0m▄[48;2;146;35;0m[38;2;214;128;10m▄[48;2;157;41;0m[38;2;255;199;34m▄[48;2;140;34;0m[38;2;255;193;24m▄[48;2;157;41;0m[38;2;255;192;25m▄[48;2;255;205;41m[38;2;255;195;25m▄[48;2;203;117;13m[38;2;151;36;0m▄[48;2;255;198;32m[38;2;255;194;19m▄[48;2;255;199;31m[38;2;255;193;20m▄[48;2;137;31;0m[38;2;0;0;0m▄[48;2;159;42;0m▄[48;2;255;193;28m▄[48;2;151;36;0m▄[48;2;255;191;19m▄[48;2;255;192;20m▄[48;2;255;193;20m▄[48;2;0;0;0m▄▄▄▄▄▄▄▄▄▄▄▄▄▄▄▄▄▄▄▄▄▄▄▄▄▄▄▄▄[0m
[48;2;0;0;0m[38;2;0;0;0m▄▄▄▄▄▄▄▄[48;2;255;190;18m▄[48;2;255;190;21m▄[48;2;255;191;20m▄[48;2;0;0;0m▄▄▄▄▄▄▄▄▄▄▄▄▄▄▄▄▄▄▄▄▄▄▄▄▄▄▄▄▄▄▄▄▄▄▄▄▄▄▄▄[0m
[48;2;0;0;0m[38;2;0;0;0m▄▄▄▄▄▄▄▄▄▄▄▄▄▄▄▄▄▄▄▄▄▄▄▄▄▄▄▄▄▄▄▄▄▄▄▄▄▄▄▄▄▄▄▄▄▄▄▄▄▄▄[0m
[48;2;0;0;0m[38;2;0;0;0m▄▄▄▄▄▄▄▄▄▄▄▄▄▄▄▄▄▄▄▄▄▄▄▄▄▄▄▄▄▄▄▄▄▄▄▄▄▄▄▄▄▄▄▄▄▄▄▄▄▄▄[0m
[48;2;0;0;0m[38;2;0;0;0m▄▄▄▄▄▄▄▄▄▄▄▄▄▄▄▄▄▄▄▄▄▄▄▄▄▄▄▄▄▄▄▄▄▄▄▄▄▄▄▄▄▄▄▄▄▄▄▄▄▄▄[0m
[48;2;0;0;0m[38;2;0;0;0m▄▄▄▄▄▄▄▄▄▄▄▄▄▄▄▄▄▄▄▄▄▄▄▄▄▄▄▄▄▄▄▄▄▄▄▄▄▄▄▄▄▄▄▄▄▄▄▄▄▄▄[0m
