[48;2;0;0;0m[38;2;0;0;0m▄▄▄▄▄▄▄▄▄▄▄▄▄▄▄▄▄▄▄▄▄▄▄▄▄▄▄▄▄▄▄▄▄▄▄▄▄▄▄▄▄▄▄▄▄▄▄▄▄▄▄[0m
[48;2;0;0;0m[38;2;0;0;0m▄▄▄▄▄▄▄▄▄▄▄▄▄▄▄▄▄▄▄▄▄▄▄▄▄▄▄▄▄▄▄▄▄▄▄▄▄▄▄▄▄▄▄▄▄▄▄▄▄▄▄[0m
[48;2;0;0;0m[38;2;0;0;0m▄▄▄▄▄▄▄▄▄▄▄▄▄▄▄▄▄▄▄▄▄▄▄▄▄▄▄▄▄▄▄▄▄▄▄▄▄▄▄▄▄▄▄▄▄▄▄▄▄▄▄[0m
[48;2;0;0;0m[38;2;0;0;0m▄▄▄▄▄▄▄▄▄▄▄▄▄▄▄▄▄▄▄▄▄▄▄▄▄▄▄▄▄▄▄▄▄▄▄▄▄▄▄▄▄▄▄▄▄▄▄▄▄▄▄[0m
[48;2;0;0;0m[38;2;0;0;0m▄▄▄▄▄▄▄▄▄▄▄▄▄▄▄▄▄▄▄▄▄▄▄▄▄▄▄▄▄▄▄▄▄▄▄▄▄▄▄▄▄▄▄▄▄▄▄▄▄▄▄[0m
[48;2;0;0;0m[38;2;0;0;0m▄▄▄▄▄▄▄▄▄▄▄▄▄▄▄▄▄▄▄▄▄▄▄▄▄▄[38;2;63;0;0m▄[38;2;122;25;0m▄[38;2;133;33;0m▄[38;2;0;0;0m▄[38;2;112;22;0m▄[38;2;131;29;0m▄[38;2;253;226;51m▄[38;2;124;27;0m▄[38;2;255;211;24m▄[48;2;122;26;0m[38;2;255;242;66m▄[48;2;127;36;0m[38;2;244;198;33m▄[48;2;119;25;0m[38;2;255;238;64m▄[48;2;134;31;0m[38;2;255;248;78m▄[48;2;219;155;10m[38;2;0;0;0m▄[48;2;0;0;0m▄▄▄▄▄▄▄▄▄▄▄[0m
[48;2;0;0;0m[38;2;0;0;0m▄▄▄▄▄▄▄▄▄▄▄▄[38;2;121;25;0m▄[38;2;130;29;0m▄[38;2;0;0;0m▄[38;2;118;24;0m▄[38;2;219;141;8m▄[38;2;252;216;45m▄[48;2;117;19;0m[38;2;132;30;0m▄[48;2;122;26;0m[38;2;255;229;60m▄[48;2;124;27;0m[38;2;255;232;65m▄[48;2;128;29;0m[38;2;255;233;67m▄[48;2;122;27;0m[38;2;255;231;62m▄[48;2;130;29;0m[38;2;136;31;0m▄[48;2;252;203;33m[38;2;255;232;66m▄[48;2;0;0;0m[38;2;0;0;0m▄[48;2;110;20;0m[38;2;110;20;0m▄[48;2;133;31;0m[38;2;133;31;0m▄[48;2;255;236;67m[38;2;255;232;65m▄[48;2;0;0;0m[38;2;0;0;0m▄[48;2;114;23;0m[38;2;114;23;0m▄[48;2;138;33;0m[38;2;139;34;0m▄[48;2;255;251;82m[38;2;255;249;79m▄[48;2;126;28;0m[38;2;129;29;0m▄[48;2;255;240;64m[38;2;255;248;76m▄[48;2;255;245;69m[38;2;254;200;25m▄[48;2;134;30;0m[38;2;136;31;0m▄[48;2;255;250;80m[38;2;255;249;79m▄[48;2;255;248;77m[38;2;255;241;72m▄[48;2;0;0;0m[38;2;0;0;0m▄▄▄▄▄▄▄▄▄▄▄▄[0m
[48;2;0;0;0m[38;2;0;0;0m▄▄▄▄▄▄[38;2;119;25;0m▄[48;2;123;26;0m[38;2;199;124;14m▄[48;2;132;30;0m[38;2;255;231;64m▄[48;2;255;226;53m[38;2;213;157;27m▄[48;2;255;225;52m[38;2;255;230;60m▄[48;2;0;0;0m[38;2;255;225;53m▄[48;2;131;30;0m[38;2;129;29;0m▄[48;2;255;231;64m[38;2;255;228;61m▄[48;2;255;226;53m[38;2;255;225;55m▄[48;2;120;25;0m[38;2;129;29;0m▄[48;2;240;194;38m[38;2;244;193;37m▄[48;2;255;232;65m[38;2;255;225;59m▄[48;2;133;30;0m[38;2;131;29;0m▄[48;2;255;229;62m[38;2;255;222;55m▄[48;2;229;182;41m[38;2;255;220;53m▄[48;2;127;28;0m[38;2;255;218;50m▄[48;2;123;27;0m[38;2;255;217;45m▄[48;2;134;31;0m[38;2;134;31;0m▄[48;2;255;226;60m[38;2;255;215;49m▄[48;2;0;0;0m[38;2;124;24;0m▄[48;2;110;20;0m[38;2;120;25;0m▄[48;2;133;30;0m[38;2;134;30;0m▄[48;2;255;223;56m[38;2;255;211;45m▄[48;2;0;0;0m[38;2;129;29;0m▄[48;2;114;23;0m[38;2;168;85;11m▄[48;2;137;33;0m[38;2;138;34;0m▄[48;2;255;240;71m[38;2;255;225;57m▄[48;2;133;31;0m[38;2;255;227;59m▄[48;2;255;246;76m[38;2;255;233;63m▄[48;2;150;57;7m[38;2;138;32;0m▄[48;2;198;125;19m[38;2;255;223;47m▄[48;2;254;230;55m[38;2;0;0;0m▄[48;2;255;222;53m▄[48;2;255;211;28m▄[48;2;0;0;0m▄▄▄▄▄▄▄▄▄▄▄[0m
[48;2;0;0;0m[38;2;0;0;0m▄▄▄▄▄▄[48;2;121;26;0m▄[48;2;255;225;55m[38;2;163;54;0m▄[48;2;255;227;60m[38;2;255;217;46m▄[48;2;255;213;38m[38;2;255;218;49m▄[48;2;150;49;2m[38;2;255;218;51m▄[48;2;0;0;0m[38;2;255;213;45m▄[48;2;127;28;0m[38;2;131;30;0m▄[48;2;255;222;54m[38;2;255;210;44m▄[48;2;255;221;56m[38;2;255;209;41m▄[48;2;255;220;53m[38;2;120;26;0m▄[48;2;255;218;51m[38;2;194;86;1m▄[48;2;255;216;50m[38;2;255;203;40m▄[48;2;131;30;0m[38;2;132;30;0m▄[48;2;255;211;45m[38;2;255;199;34m▄[48;2;254;203;35m[38;2;255;195;31m▄[48;2;124;27;0m[38;2;255;193;28m▄[48;2;124;26;0m[38;2;255;193;26m▄[48;2;135;31;0m[38;2;141;35;0m▄[48;2;255;201;37m[38;2;255;191;23m▄[48;2;255;196;29m[38;2;255;192;23m▄[48;2;255;195;29m[38;2;255;195;21m▄[48;2;141;33;0m[38;2;0;0;0m▄[48;2;255;197;30m▄[48;2;255;198;31m▄[48;2;255;202;34m▄[48;2;0;0;0m▄▄▄▄▄▄▄▄▄▄▄▄▄▄▄▄▄▄▄▄[0m
[48;2;0;0;0m[38;2;0;0;0m▄▄▄▄▄▄[48;2;117;25;0m▄[48;2;129;29;0m[38;2;255;196;24m▄[48;2;202;119;10m[38;2;255;197;33m▄[48;2;121;26;0m[38;2;255;192;24m▄[48;2;139;33;0m[38;2;255;192;25m▄[48;2;255;204;40m[38;2;255;193;21m▄[48;2;132;31;0m[38;2;127;42;0m▄[48;2;255;198;33m[38;2;255;187;17m▄[48;2;255;198;30m[38;2;255;191;16m▄[48;2;117;24;0m[38;2;0;0;0m▄[48;2;146;39;0m▄[48;2;255;193;27m▄[48;2;134;30;0m▄[48;2;255;193;19m▄[48;2;255;192;20m▄[48;2;0;0;0m▄▄▄▄▄▄▄▄▄▄▄▄▄▄▄▄▄▄▄▄▄▄▄▄▄▄▄▄▄▄[0m
[48;2;0;0;0m[38;2;0;0;0m▄▄▄▄▄▄▄▄[48;2;255;189;17m▄[48;2;255;190;18m▄[48;2;0;0;0m▄▄▄▄▄▄▄▄▄▄▄▄▄▄▄▄▄▄▄▄▄▄▄▄▄▄▄▄▄▄▄▄▄▄▄▄▄▄▄▄▄[0m
[48;2;0;0;0m[38;2;0;0;0m▄▄▄▄▄▄▄▄▄▄▄▄▄▄▄▄▄▄▄▄▄▄▄▄▄▄▄▄▄▄▄▄▄▄▄▄▄▄▄▄▄▄▄▄▄▄▄▄▄▄▄[0m
[48;2;0;0;0m[38;2;0;0;0m▄▄▄▄▄▄▄▄▄▄▄▄▄▄▄▄▄▄▄▄▄▄▄▄▄▄▄▄▄▄▄▄▄▄▄▄▄▄▄▄▄▄▄▄▄▄▄▄▄▄▄[0m
[48;2;0;0;0m[38;2;0;0;0m▄▄▄▄▄▄▄▄▄▄▄▄▄▄▄▄▄▄▄▄▄▄▄▄▄▄▄▄▄▄▄▄▄▄▄▄▄▄▄▄▄▄▄▄▄▄▄▄▄▄▄[0m
[48;2;0;0;0m[38;2;0;0;0m▄▄▄▄▄▄▄▄▄▄▄▄▄▄▄▄▄▄▄▄▄▄▄▄▄▄▄▄▄▄▄▄▄▄▄▄▄▄▄▄▄▄▄▄▄▄▄▄▄▄▄[0m
