[48;2;0;0;0m[38;2;0;0;0m▄▄▄▄▄▄▄▄▄▄▄▄▄▄▄▄▄▄▄▄▄▄▄▄▄▄▄▄▄▄▄▄▄▄▄▄▄▄▄▄▄▄▄▄▄▄▄▄▄▄▄[0m
[48;2;0;0;0m[38;2;0;0;0m▄▄▄▄▄▄▄▄▄▄▄▄▄▄▄▄▄▄▄▄▄▄▄▄▄▄▄▄▄▄▄▄▄▄▄▄▄▄▄▄▄▄▄▄▄▄▄▄▄▄▄[0m
[48;2;0;0;0m[38;2;0;0;0m▄▄▄▄▄▄▄▄▄▄▄▄▄▄▄▄▄▄▄▄▄▄▄▄▄▄▄▄▄▄▄▄▄▄▄▄▄▄▄▄▄▄▄▄▄▄▄▄▄▄▄[0m
[48;2;0;0;0m[38;2;0;0;0m▄▄▄▄▄▄▄▄▄▄▄▄▄▄▄▄▄▄▄▄▄▄▄▄▄▄▄▄▄▄▄▄▄▄▄▄▄▄▄▄▄▄▄▄▄▄▄▄▄▄▄[0m
[48;2;0;0;0m[38;2;0;0;0m▄▄▄▄▄▄▄▄▄▄▄▄▄▄▄▄▄▄▄▄▄▄▄▄▄▄▄▄▄▄▄▄▄▄▄▄▄▄▄▄▄▄▄▄▄▄▄▄▄▄▄[0m
[48;2;0;0;0m[38;2;0;0;0m▄▄▄▄▄▄▄▄▄▄[38;2;255;238;66m▄[38;2;255;245;74m▄[48;2;85;21;0m[38;2;254;233;58m▄[48;2;0;0;0m[38;2;110;21;0m▄[38;2;255;246;74m▄[38;2;114;23;0m▄[38;2;94;15;0m▄[38;2;140;48;0m▄[38;2;109;21;0m▄[38;2;108;18;0m▄[38;2;105;20;0m▄[38;2;102;19;0m▄[38;2;103;18;0m▄[38;2;99;11;0m▄[38;2;0;0;0m▄▄▄▄▄▄▄▄▄▄▄▄▄▄▄▄▄▄▄▄▄▄▄▄▄▄▄[0m
[48;2;0;0;0m[38;2;0;0;0m▄▄▄▄▄▄▄▄▄▄[48;2;255;235;68m[38;2;255;215;27m▄[48;2;124;29;0m[38;2;255;233;65m▄[48;2;239;199;31m[38;2;255;236;66m▄[48;2;112;22;0m[38;2;116;24;0m▄[48;2;255;250;80m[38;2;255;251;82m▄[48;2;120;26;0m[38;2;255;249;80m▄[48;2;101;18;0m[38;2;255;248;77m▄[48;2;255;251;81m[38;2;255;251;82m▄[48;2;116;24;0m[38;2;115;24;0m▄[48;2;255;250;79m[38;2;255;249;79m▄[48;2;255;250;81m[38;2;219;127;4m▄[38;2;110;22;0m▄[48;2;255;247;75m[38;2;108;19;0m▄[48;2;111;22;0m[38;2;101;18;0m▄[48;2;255;237;64m[38;2;255;238;70m▄[48;2;114;23;0m[38;2;117;25;0m▄[48;2;0;0;0m[38;2;0;0;0m▄▄[48;2;197;114;5m[38;2;255;225;50m▄[48;2;109;22;0m[38;2;255;232;63m▄[48;2;100;17;0m[38;2;106;19;0m▄[48;2;0;0;0m[38;2;0;0;0m▄▄[38;2;255;228;58m▄[48;2;102;17;0m▄[48;2;0;0;0m[38;2;102;19;0m▄[38;2;0;0;0m▄[38;2;236;194;38m▄[38;2;108;21;0m▄[38;2;99;17;0m▄[38;2;106;20;0m▄[38;2;102;18;0m▄[38;2;0;0;0m▄▄[38;2;101;19;0m▄[38;2;0;0;0m▄▄▄▄▄▄[0m
[48;2;0;0;0m[38;2;0;0;0m▄▄▄▄▄▄▄▄▄▄[48;2;255;205;37m[38;2;255;198;24m▄[48;2;117;25;0m[38;2;255;200;32m▄[48;2;255;227;60m[38;2;255;209;40m▄[48;2;120;25;0m[38;2;114;24;0m▄[48;2;255;246;78m[38;2;255;230;61m▄[48;2;162;64;0m[38;2;118;24;0m▄[48;2;161;96;13m[38;2;99;16;0m▄[48;2;255;251;83m[38;2;255;246;78m▄[48;2;117;25;0m[38;2;118;25;0m▄[48;2;255;249;79m[38;2;255;239;69m▄[48;2;255;249;80m[38;2;220;152;18m▄[48;2;255;241;71m[38;2;108;20;0m▄[48;2;255;233;59m[38;2;104;19;0m▄[48;2;108;21;0m[38;2;101;17;0m▄[48;2;255;231;65m[38;2;255;219;53m▄[48;2;117;26;0m[38;2;118;26;0m▄[48;2;0;0;0m[38;2;0;0;0m▄▄[48;2;255;220;51m[38;2;255;213;45m▄[48;2;255;225;59m[38;2;255;217;51m▄[48;2;105;19;0m[38;2;105;19;0m▄[48;2;0;0;0m[38;2;0;0;0m▄▄[48;2;255;228;61m[38;2;255;219;51m▄[48;2;255;228;60m[38;2;255;219;52m▄[48;2;101;18;0m[38;2;100;17;0m▄[48;2;0;0;0m[38;2;0;0;0m▄[48;2;255;233;67m[38;2;255;227;61m▄[48;2;115;24;0m[38;2;109;21;0m▄[48;2;0;0;0m[38;2;0;0;0m▄[48;2;255;233;66m[38;2;255;215;41m▄[48;2;206;139;15m[38;2;255;226;59m▄[48;2;98;16;0m[38;2;255;222;52m▄[48;2;255;230;61m[38;2;255;229;62m▄[48;2;255;225;53m[38;2;90;16;0m▄[48;2;0;0;0m[38;2;0;0;0m▄▄▄▄▄▄[0m
[48;2;0;0;0m[38;2;0;0;0m▄▄▄▄▄▄▄▄▄▄▄▄▄▄▄▄▄[48;2;255;229;58m▄[48;2;118;24;0m▄[48;2;255;222;51m▄[48;2;255;220;52m▄[48;2;255;213;46m▄[48;2;255;206;37m▄[48;2;116;24;0m▄[48;2;255;204;41m[38;2;255;195;23m▄[48;2;255;198;32m[38;2;255;194;25m▄[48;2;255;196;29m[38;2;255;193;26m▄[48;2;122;34;1m[38;2;253;184;20m▄[48;2;255;200;36m[38;2;255;192;24m▄[48;2;255;205;40m[38;2;255;194;30m▄[48;2;111;22;0m[38;2;255;194;29m▄[48;2;104;19;0m▄[48;2;100;18;0m[38;2;113;23;0m▄[48;2;255;210;42m[38;2;255;198;26m▄[48;2;255;210;43m[38;2;255;199;34m▄[48;2;102;18;0m[38;2;114;23;0m▄[48;2;0;0;0m[38;2;254;198;29m▄[48;2;255;217;52m[38;2;255;205;40m▄[48;2;107;21;0m[38;2;106;21;0m▄[48;2;0;0;0m[38;2;0;0;0m▄[38;2;255;203;34m▄[48;2;255;221;56m[38;2;255;210;45m▄[48;2;255;222;57m[38;2;255;212;47m▄[48;2;160;87;10m[38;2;240;183;27m▄[48;2;0;0;0m[38;2;98;15;0m▄[38;2;0;0;0m▄▄▄▄▄▄[0m
[48;2;0;0;0m[38;2;0;0;0m▄▄▄▄▄▄▄▄▄▄▄▄▄▄▄▄▄▄▄▄▄▄▄▄▄▄▄▄▄▄▄[48;2;255;193;20m▄[48;2;111;15;0m▄[48;2;0;0;0m▄[48;2;255;191;19m▄[48;2;255;191;24m▄[48;2;255;191;25m▄[48;2;255;191;19m▄[48;2;0;0;0m▄[48;2;255;189;17m▄[48;2;255;196;32m[38;2;255;189;16m▄[48;2;174;104;10m[38;2;0;0;0m▄[48;2;255;197;24m▄[48;2;255;199;34m[38;2;255;192;22m▄[48;2;111;22;0m[38;2;255;190;15m▄[48;2;0;0;0m[38;2;102;19;0m▄[38;2;0;0;0m▄▄▄▄▄[0m
[48;2;0;0;0m[38;2;0;0;0m▄▄▄▄▄▄▄▄▄▄▄▄▄▄▄▄▄▄▄▄▄▄▄▄▄▄▄▄▄▄▄▄▄▄▄▄▄▄▄▄▄▄▄▄▄▄▄▄▄▄▄[0m
[48;2;0;0;0m[38;2;0;0;0m▄▄▄▄▄▄▄▄▄▄▄▄▄▄▄▄▄▄▄▄▄▄▄▄▄▄▄▄▄▄▄▄▄▄▄▄▄▄▄▄▄▄▄▄▄▄▄▄▄▄▄[0m
[48;2;0;0;0m[38;2;0;0;0m▄▄▄▄▄▄▄▄▄▄▄▄▄▄▄▄▄▄▄▄▄▄▄▄▄▄▄▄▄▄▄▄▄▄▄▄▄▄▄▄▄▄▄▄▄▄▄▄▄▄▄[0m
[48;2;0;0;0m[38;2;0;0;0m▄▄▄▄▄▄▄▄▄▄▄▄▄▄▄▄▄▄▄▄▄▄▄▄▄▄▄▄▄▄▄▄▄▄▄▄▄▄▄▄▄▄▄▄▄▄▄▄▄▄▄[0m
[48;2;0;0;0m[38;2;0;0;0m▄▄▄▄▄▄▄▄▄▄▄▄▄▄▄▄▄▄▄▄▄▄▄▄▄▄▄▄▄▄▄▄▄▄▄▄▄▄▄▄▄▄▄▄▄▄▄▄▄▄▄[0m
