[48;2;0;0;0m[38;2;0;0;0m▄▄▄▄▄▄▄▄▄▄▄▄▄▄▄▄▄▄▄▄▄▄▄▄▄▄▄▄▄▄▄▄▄▄▄▄▄▄▄▄▄▄▄▄▄▄▄▄▄▄▄[0m
[48;2;0;0;0m[38;2;0;0;0m▄▄▄▄▄▄▄▄▄▄▄▄▄▄▄▄▄▄▄▄▄▄▄▄▄▄▄▄▄▄▄▄▄▄▄▄▄▄▄▄▄▄▄▄▄▄▄▄▄▄▄[0m
[48;2;0;0;0m[38;2;0;0;0m▄▄▄▄▄▄▄▄▄▄▄▄▄▄▄▄▄▄▄▄▄▄▄▄▄▄▄▄▄▄▄▄▄▄▄▄▄▄▄▄▄▄▄▄▄▄▄▄▄▄▄[0m
[48;2;0;0;0m[38;2;0;0;0m▄▄▄▄▄▄▄▄▄▄▄▄▄▄▄▄▄▄▄▄▄▄▄▄▄▄▄▄▄▄▄▄▄▄▄▄▄▄▄▄▄▄▄▄▄▄▄▄▄▄▄[0m
[48;2;0;0;0m[38;2;0;0;0m▄▄▄▄▄▄▄▄▄▄▄▄▄▄▄▄▄▄▄▄▄▄▄▄▄▄▄▄▄▄▄▄▄▄▄▄▄▄▄▄▄▄▄▄▄▄▄▄▄▄▄[0m
[48;2;0;0;0m[38;2;0;0;0m▄▄▄▄▄▄▄▄▄▄▄▄▄▄▄▄▄▄▄▄▄▄▄▄▄▄▄▄[38;2;177;44;0m▄[38;2;0;0;0m▄▄▄[38;2;174;48;0m▄[38;2;179;50;0m▄[38;2;0;0;0m▄[38;2;174;45;0m▄[38;2;183;53;0m▄[38;2;200;82;1m▄[38;2;210;114;8m▄[38;2;250;186;26m▄[38;2;178;49;0m▄[38;2;254;223;53m▄[38;2;255;218;38m▄[38;2;0;0;0m▄▄▄▄▄▄▄▄[0m
[48;2;0;0;0m[38;2;0;0;0m▄▄▄▄▄▄[38;2;177;49;0m▄[38;2;244;191;32m▄[38;2;255;225;55m▄[38;2;245;190;28m▄[38;2;0;0;0m▄[38;2;177;49;0m▄[48;2;176;39;0m[38;2;255;231;63m▄[48;2;0;0;0m[38;2;255;201;23m▄[38;2;0;0;0m▄[48;2;178;50;0m[38;2;255;220;44m▄[48;2;182;53;0m[38;2;255;233;67m▄[48;2;0;0;0m[38;2;0;0;0m▄[48;2;180;51;0m[38;2;255;231;63m▄[48;2;178;50;0m[38;2;255;234;68m▄[48;2;181;53;0m[38;2;255;231;63m▄[48;2;187;68;3m▄[48;2;193;76;3m[38;2;255;227;56m▄[48;2;176;48;0m[38;2;177;48;0m▄[48;2;255;230;51m[38;2;255;240;71m▄[48;2;0;0;0m[38;2;0;0;0m▄▄[48;2;170;47;0m[38;2;170;47;0m▄[48;2;255;210;20m[38;2;255;208;21m▄[48;2;255;249;78m[38;2;255;251;82m▄[48;2;0;0;0m[38;2;0;0;0m▄▄[48;2;180;51;0m[38;2;180;50;0m▄[48;2;255;250;80m[38;2;255;250;80m▄[48;2;255;216;29m[38;2;0;0;0m▄[48;2;178;47;0m[38;2;178;48;0m▄[48;2;255;251;82m[38;2;255;249;80m▄[48;2;255;245;73m[38;2;255;225;39m▄[48;2;180;51;0m[38;2;173;47;0m▄[48;2;255;238;69m[38;2;255;220;46m▄[48;2;191;58;0m[38;2;255;228;63m▄[48;2;255;231;63m[38;2;255;213;34m▄[48;2;0;0;0m[38;2;0;0;0m▄▄▄▄▄▄▄▄▄[0m
[48;2;0;0;0m[38;2;0;0;0m▄▄▄▄▄[48;2;177;55;0m▄[48;2;255;229;60m[38;2;255;225;58m▄[48;2;255;222;50m[38;2;255;224;56m▄[48;2;255;207;31m[38;2;255;216;44m▄[48;2;255;230;62m[38;2;208;105;11m▄[48;2;255;205;25m[38;2;0;0;0m▄[48;2;179;51;0m[38;2;180;52;0m▄[48;2;255;231;66m[38;2;255;224;59m▄[48;2;236;173;27m[38;2;255;221;54m▄[48;2;178;50;0m[38;2;255;221;53m▄[48;2;254;194;28m[38;2;255;221;55m▄[48;2;255;229;64m[38;2;255;221;56m▄[48;2;0;0;0m[38;2;0;0;0m▄[48;2;255;224;57m[38;2;255;215;46m▄[48;2;255;226;59m[38;2;255;219;53m▄[48;2;179;52;0m[38;2;255;218;48m▄[48;2;178;49;0m[38;2;255;216;43m▄[48;2;246;149;0m[38;2;255;204;19m▄[48;2;177;49;0m[38;2;177;49;0m▄[48;2;255;235;69m[38;2;255;224;59m▄[48;2;0;0;0m[38;2;0;0;0m▄[38;2;255;0;0m▄[48;2;170;47;0m[38;2;180;49;0m▄[48;2;255;209;23m[38;2;255;219;36m▄[48;2;255;251;82m[38;2;255;246;77m▄[48;2;0;0;0m[38;2;178;49;0m▄[38;2;180;51;0m▄[48;2;178;49;0m[38;2;178;49;0m▄[48;2;255;250;81m[38;2;255;245;76m▄[48;2;0;0;0m[38;2;251;214;42m▄[48;2;179;50;0m[38;2;187;54;0m▄[48;2;255;238;68m[38;2;255;226;59m▄[48;2;255;230;48m[38;2;177;50;0m▄[48;2;180;50;0m[38;2;214;111;11m▄[48;2;255;214;45m[38;2;255;205;38m▄[48;2;255;215;48m[38;2;184;54;0m▄[48;2;255;208;37m[38;2;255;197;32m▄[48;2;0;0;0m[38;2;255;200;18m▄[38;2;0;0;0m▄▄▄▄▄▄▄▄[0m
[48;2;0;0;0m[38;2;0;0;0m▄▄▄▄▄▄[48;2;153;51;0m[38;2;255;199;30m▄[48;2;255;213;40m[38;2;233;152;15m▄[48;2;255;215;44m[38;2;178;50;0m▄[48;2;255;215;49m[38;2;255;200;33m▄[48;2;255;208;38m[38;2;255;201;33m▄[48;2;177;49;0m[38;2;177;48;0m▄[48;2;255;212;47m[38;2;255;200;36m▄[48;2;255;212;43m[38;2;255;196;27m▄[48;2;0;0;0m[38;2;0;0;0m▄[48;2;197;73;2m[38;2;187;63;1m▄[48;2;255;209;45m[38;2;255;196;33m▄[48;2;0;0;0m[38;2;0;0;0m▄[48;2;255;206;38m[38;2;255;195;26m▄[48;2;255;205;40m[38;2;255;194;30m▄[48;2;179;51;0m[38;2;255;193;28m▄[48;2;179;50;0m[38;2;255;194;28m▄[48;2;186;58;0m[38;2;255;192;21m▄[48;2;178;50;0m[38;2;181;51;0m▄[48;2;255;209;45m[38;2;255;198;29m▄[48;2;255;206;38m[38;2;255;201;30m▄[48;2;255;211;44m[38;2;255;205;33m▄[48;2;255;210;39m[38;2;255;200;21m▄[48;2;255;224;49m[38;2;255;214;13m▄[48;2;255;232;66m[38;2;0;0;0m▄[48;2;255;235;67m▄[48;2;255;236;69m▄[48;2;0;0;0m▄[48;2;216;106;5m▄[48;2;255;224;55m▄[48;2;255;218;48m▄[48;2;255;210;30m▄[48;2;0;0;0m▄[48;2;255;197;21m▄[48;2;0;0;0m▄▄▄▄▄▄▄▄▄▄▄▄[0m
[48;2;0;0;0m[38;2;0;0;0m▄▄▄▄▄▄[48;2;255;191;19m▄[48;2;255;193;27m▄[48;2;255;190;24m▄[48;2;255;192;23m▄[48;2;255;187;17m▄[48;2;0;0;0m▄[48;2;255;192;22m▄[48;2;255;193;15m▄[48;2;0;0;0m▄[48;2;221;119;0m▄[48;2;255;188;18m▄[48;2;0;0;0m▄▄▄▄▄▄▄▄▄▄▄▄▄▄▄▄▄▄▄▄▄▄▄▄▄▄▄▄▄▄▄▄▄▄[0m
[48;2;0;0;0m[38;2;0;0;0m▄▄▄▄▄▄▄▄▄▄▄▄▄▄▄▄▄▄▄▄▄▄▄▄▄▄▄▄▄▄▄▄▄▄▄▄▄▄▄▄▄▄▄▄▄▄▄▄▄▄▄[0m
[48;2;0;0;0m[38;2;0;0;0m▄▄▄▄▄▄▄▄▄▄▄▄▄▄▄▄▄▄▄▄▄▄▄▄▄▄▄▄▄▄▄▄▄▄▄▄▄▄▄▄▄▄▄▄▄▄▄▄▄▄▄[0m
[48;2;0;0;0m[38;2;0;0;0m▄▄▄▄▄▄▄▄▄▄▄▄▄▄▄▄▄▄▄▄▄▄▄▄▄▄▄▄▄▄▄▄▄▄▄▄▄▄▄▄▄▄▄▄▄▄▄▄▄▄▄[0m
[48;2;0;0;0m[38;2;0;0;0m▄▄▄▄▄▄▄▄▄▄▄▄▄▄▄▄▄▄▄▄▄▄▄▄▄▄▄▄▄▄▄▄▄▄▄▄▄▄▄▄▄▄▄▄▄▄▄▄▄▄▄[0m
[48;2;0;0;0m[38;2;0;0;0m▄▄▄▄▄▄▄▄▄▄▄▄▄▄▄▄▄▄▄▄▄▄▄▄▄▄▄▄▄▄▄▄▄▄▄▄▄▄▄▄▄▄▄▄▄▄▄▄▄▄▄[0m
