[48;2;0;0;0m[38;2;0;0;0m▄▄▄▄▄▄▄▄▄▄▄▄▄▄▄▄▄▄▄▄▄▄▄▄▄▄▄▄▄▄▄▄▄▄▄▄▄▄▄▄▄▄▄▄▄▄▄▄▄▄▄[0m
[48;2;0;0;0m[38;2;0;0;0m▄▄▄▄▄▄▄▄▄▄▄▄▄▄▄▄▄▄▄▄▄▄▄▄▄▄▄▄▄▄▄▄▄▄▄▄▄▄▄▄▄▄▄▄▄▄▄▄▄▄▄[0m
[48;2;0;0;0m[38;2;0;0;0m▄▄▄▄▄▄▄▄▄▄▄▄▄▄▄▄▄▄▄▄▄▄▄▄▄▄▄▄▄▄▄▄▄▄▄▄▄▄▄▄▄▄▄▄▄▄▄▄▄▄▄[0m
[48;2;0;0;0m[38;2;0;0;0m▄▄▄▄▄▄▄▄▄▄▄▄▄▄▄▄▄▄▄▄▄▄▄▄▄▄▄▄▄▄▄▄▄▄▄▄▄▄▄▄▄▄▄▄▄▄▄▄▄▄▄[0m
[48;2;0;0;0m[38;2;0;0;0m▄▄▄▄▄▄▄▄▄▄▄▄▄▄▄▄▄▄▄▄▄▄▄▄▄▄▄▄▄▄▄▄▄▄▄▄▄▄▄▄▄▄▄▄▄▄▄▄▄▄▄[0m
[48;2;0;0;0m[38;2;0;0;0m▄▄▄▄▄▄▄▄▄▄▄▄▄▄▄▄▄▄▄▄▄▄▄▄▄▄▄[38;2;107;21;0m▄[38;2;121;22;0m▄[38;2;0;0;0m▄▄[38;2;115;23;0m▄[38;2;178;104;12m▄[38;2;108;21;0m▄[38;2;128;30;0m▄[48;2;102;25;0m[38;2;255;248;77m▄[48;2;114;25;0m[38;2;128;29;0m▄[48;2;102;0;0m[38;2;255;249;79m▄[48;2;115;24;0m[38;2;133;31;0m▄[48;2;125;28;0m[38;2;255;248;78m▄[48;2;0;0;0m[38;2;0;0;0m▄▄▄▄▄▄▄▄▄▄▄[0m
[48;2;0;0;0m[38;2;0;0;0m▄▄▄▄▄▄▄▄▄▄▄▄[38;2;115;23;0m▄[38;2;121;26;0m▄[38;2;0;0;0m▄[38;2;112;22;0m▄[38;2;251;207;38m▄[38;2;254;225;55m▄[48;2;115;16;0m[38;2;127;29;0m▄[48;2;113;24;0m[38;2;255;232;64m▄[48;2;116;25;0m[38;2;255;233;67m▄[48;2;118;25;0m[38;2;255;234;67m▄[48;2;116;25;0m[38;2;255;229;61m▄[48;2;123;27;0m[38;2;131;30;0m▄[48;2;253;210;38m[38;2;255;233;67m▄[48;2;0;0;0m[38;2;0;0;0m▄▄[48;2;119;25;0m[38;2;120;25;0m▄[48;2;255;238;65m[38;2;255;237;67m▄[38;2;255;233;54m▄[48;2;0;0;0m[38;2;0;0;0m▄[48;2;122;26;0m[38;2;122;26;0m▄[48;2;255;250;79m[38;2;255;249;78m▄[48;2;110;21;0m[38;2;110;22;0m▄[48;2;130;30;0m[38;2;128;28;0m▄[48;2;255;250;79m[38;2;255;251;82m▄[48;2;115;23;0m[38;2;115;23;0m▄[48;2;255;236;59m[38;2;192;113;9m▄[48;2;255;249;80m[38;2;255;243;76m▄[48;2;255;217;27m[38;2;255;215;30m▄[48;2;0;0;0m[38;2;0;0;0m▄▄▄▄▄▄▄▄▄▄▄[0m
[48;2;0;0;0m[38;2;0;0;0m▄▄▄▄▄▄[48;2;106;21;0m[38;2;119;25;0m▄[48;2;123;26;0m[38;2;255;230;61m▄[48;2;255;225;53m[38;2;255;218;43m▄[48;2;255;231;63m[38;2;116;25;0m▄[48;2;255;225;54m[38;2;255;228;59m▄[48;2;0;0;0m[38;2;254;204;22m▄[48;2;123;27;0m[38;2;128;29;0m▄[48;2;255;234;67m[38;2;255;229;64m▄[48;2;0;0;0m[38;2;120;25;0m▄[48;2;114;23;0m[38;2;165;86;14m▄[48;2;255;229;62m[38;2;255;223;56m▄[48;2;255;229;63m▄[48;2;125;27;0m[38;2;124;26;0m▄[48;2;255;230;65m[38;2;255;222;57m▄[48;2;126;30;0m[38;2;255;220;52m▄[48;2;118;25;0m[38;2;255;218;49m▄[48;2;95;0;0m[38;2;255;213;40m▄[48;2;128;28;0m[38;2;127;27;0m▄[48;2;255;226;60m[38;2;255;215;49m▄[48;2;0;0;0m[38;2;127;0;0m▄[38;2;0;0;0m▄[48;2;120;25;0m[38;2;121;25;0m▄[48;2;255;227;60m[38;2;255;213;48m▄[48;2;255;227;48m[38;2;144;59;7m▄[48;2;0;0;0m[38;2;148;63;7m▄[48;2;121;25;0m[38;2;186;107;10m▄[48;2;255;246;76m[38;2;255;232;61m▄[48;2;117;24;0m[38;2;255;233;64m▄[48;2;131;29;0m[38;2;255;236;68m▄[48;2;255;249;80m[38;2;217;148;11m▄[48;2;126;27;0m[38;2;223;158;17m▄[48;2;255;235;66m[38;2;255;220;43m▄[48;2;153;57;2m[38;2;0;0;0m▄[48;2;255;214;44m[38;2;255;200;25m▄[48;2;0;0;0m[38;2;0;0;0m▄▄▄▄▄▄▄▄▄▄▄[0m
[48;2;0;0;0m[38;2;0;0;0m▄▄▄▄▄▄[48;2;118;25;0m▄[48;2;255;226;59m[38;2;255;177;11m▄[48;2;255;223;56m[38;2;255;212;38m▄[48;2;255;220;50m[38;2;255;214;44m▄[48;2;254;212;38m[38;2;255;215;49m▄[48;2;0;0;0m[38;2;255;208;40m▄[48;2;123;26;0m[38;2;122;26;0m▄[48;2;255;221;55m[38;2;255;210;45m▄[48;2;255;220;54m[38;2;255;204;33m▄[48;2;255;218;49m[38;2;113;23;0m▄[48;2;255;216;50m[38;2;255;204;35m▄[48;2;255;215;47m[38;2;255;203;37m▄[48;2;125;27;0m[38;2;123;26;0m▄[48;2;255;210;46m[38;2;255;197;34m▄[48;2;182;85;1m[38;2;255;194;29m▄[48;2;116;24;0m[38;2;255;194;28m▄[48;2;123;24;0m[38;2;255;192;26m▄[48;2;126;27;0m[38;2;129;28;0m▄[48;2;255;202;38m[38;2;255;193;24m▄[48;2;255;196;30m[38;2;255;193;23m▄[38;2;255;195;23m▄[48;2;137;33;0m[38;2;0;0;0m▄[48;2;255;196;32m▄[48;2;255;202;36m▄[48;2;255;206;39m▄[48;2;255;204;32m▄[48;2;0;0;0m▄▄▄▄▄▄▄▄▄▄▄▄▄▄▄▄▄▄▄[0m
[48;2;0;0;0m[38;2;0;0;0m▄▄▄▄▄▄[48;2;117;24;0m▄[48;2;214;145;19m[38;2;255;195;26m▄[48;2;236;173;18m[38;2;255;193;28m▄[48;2;119;25;0m[38;2;255;189;24m▄[48;2;254;199;32m[38;2;255;191;23m▄[48;2;255;199;31m[38;2;0;0;0m▄[48;2;124;28;0m[38;2;127;0;0m▄[48;2;255;197;33m[38;2;255;190;18m▄[48;2;255;198;27m[38;2;0;0;0m▄[48;2;112;23;0m▄[48;2;255;192;23m▄[48;2;255;192;21m▄[48;2;123;24;0m▄[48;2;255;191;19m▄[48;2;255;188;18m▄[48;2;0;0;0m▄▄▄▄▄▄▄▄▄▄▄▄▄▄▄▄▄▄▄▄▄▄▄▄▄▄▄▄▄▄[0m
[48;2;0;0;0m[38;2;0;0;0m▄▄▄▄▄▄▄▄▄▄▄▄▄▄▄▄▄▄▄▄▄▄▄▄▄▄▄▄▄▄▄▄▄▄▄▄▄▄▄▄▄▄▄▄▄▄▄▄▄▄▄[0m
[48;2;0;0;0m[38;2;0;0;0m▄▄▄▄▄▄▄▄▄▄▄▄▄▄▄▄▄▄▄▄▄▄▄▄▄▄▄▄▄▄▄▄▄▄▄▄▄▄▄▄▄▄▄▄▄▄▄▄▄▄▄[0m
[48;2;0;0;0m[38;2;0;0;0m▄▄▄▄▄▄▄▄▄▄▄▄▄▄▄▄▄▄▄▄▄▄▄▄▄▄▄▄▄▄▄▄▄▄▄▄▄▄▄▄▄▄▄▄▄▄▄▄▄▄▄[0m
[48;2;0;0;0m[38;2;0;0;0m▄▄▄▄▄▄▄▄▄▄▄▄▄▄▄▄▄▄▄▄▄▄▄▄▄▄▄▄▄▄▄▄▄▄▄▄▄▄▄▄▄▄▄▄▄▄▄▄▄▄▄[0m
[48;2;0;0;0m[38;2;0;0;0m▄▄▄▄▄▄▄▄▄▄▄▄▄▄▄▄▄▄▄▄▄▄▄▄▄▄▄▄▄▄▄▄▄▄▄▄▄▄▄▄▄▄▄▄▄▄▄▄▄▄▄[0m
