[48;2;0;0;0m[38;2;0;0;0m▄▄▄▄▄▄▄▄▄▄▄▄▄▄▄▄▄▄▄▄▄▄▄▄▄▄▄▄▄▄▄▄▄▄▄▄▄▄▄▄▄▄▄▄▄▄▄▄▄▄▄[0m
[48;2;0;0;0m[38;2;0;0;0m▄▄▄▄▄▄▄▄▄▄▄▄▄▄▄▄▄▄▄▄▄▄▄▄▄▄▄▄▄▄▄▄▄▄▄▄▄▄▄▄▄▄▄▄▄▄▄▄▄▄▄[0m
[48;2;0;0;0m[38;2;0;0;0m▄▄▄▄▄▄▄▄▄▄▄▄▄▄▄▄▄▄▄▄▄▄▄▄▄▄▄▄▄▄▄▄▄▄▄▄▄▄▄▄▄▄▄▄▄▄▄▄▄▄▄[0m
[48;2;0;0;0m[38;2;0;0;0m▄▄▄▄▄▄▄▄▄▄▄▄▄▄▄▄▄▄▄▄▄▄▄▄▄▄▄▄▄▄▄▄▄▄▄▄▄▄▄▄▄▄▄▄▄▄▄▄▄▄▄[0m
[48;2;0;0;0m[38;2;0;0;0m▄▄▄▄▄▄▄▄▄▄▄▄▄▄▄▄▄▄▄▄▄▄▄▄▄▄▄▄▄▄▄▄▄▄▄▄▄▄▄▄▄▄▄▄▄▄▄▄▄▄▄[0m
[48;2;0;0;0m[38;2;0;0;0m▄▄▄▄▄▄▄▄▄▄▄[38;2;255;244;72m▄[48;2;170;46;0m[38;2;226;163;30m▄[48;2;163;43;0m[38;2;255;248;78m▄[48;2;152;38;0m[38;2;169;47;0m▄[48;2;0;0;0m[38;2;255;247;75m▄[38;2;167;46;0m▄[38;2;222;122;4m▄[38;2;251;206;35m▄[38;2;162;44;0m▄[38;2;159;42;0m▄[38;2;157;41;0m▄[38;2;156;40;0m▄[38;2;156;39;0m▄[38;2;147;26;0m▄[38;2;0;0;0m▄▄▄▄▄▄▄▄▄▄▄▄▄▄▄▄▄▄▄▄▄▄▄▄▄▄[0m
[48;2;0;0;0m[38;2;0;0;0m▄▄▄▄▄▄▄▄▄▄▄[48;2;255;221;33m▄[48;2;255;249;80m[38;2;178;60;1m▄[48;2;181;59;0m[38;2;255;250;81m▄[48;2;161;43;0m[38;2;170;46;0m▄[48;2;255;250;81m[38;2;255;251;83m▄[48;2;173;50;0m[38;2;255;250;82m▄[48;2;212;95;0m[38;2;255;250;81m▄[48;2;255;249;78m[38;2;255;250;79m▄[48;2;170;49;0m[38;2;169;47;0m▄[48;2;255;247;79m[38;2;255;240;72m▄[48;2;255;241;72m[38;2;165;45;0m▄[48;2;255;238;69m[38;2;159;42;0m▄[48;2;170;48;0m[38;2;158;41;0m▄[48;2;255;230;61m[38;2;255;232;65m▄[48;2;167;46;0m[38;2;171;49;0m▄[48;2;146;35;0m[38;2;147;35;0m▄[48;2;0;0;0m[38;2;0;0;0m▄[48;2;172;49;0m[38;2;255;232;63m▄[48;2;160;43;0m[38;2;255;231;63m▄[48;2;150;37;0m[38;2;153;39;0m▄[48;2;0;0;0m[38;2;0;0;0m▄▄[38;2;254;227;56m▄[38;2;161;42;0m▄[38;2;146;34;0m▄[38;2;168;48;0m▄[38;2;158;41;0m▄[38;2;151;37;0m▄[38;2;154;40;0m▄[38;2;0;0;0m▄▄▄▄▄▄▄▄▄▄▄[0m
[48;2;0;0;0m[38;2;0;0;0m▄▄▄▄▄▄▄▄▄▄▄[48;2;255;214;36m▄[48;2;243;189;38m[38;2;255;210;37m▄[48;2;255;233;62m[38;2;255;207;32m▄[48;2;237;154;11m[38;2;0;0;0m▄[48;2;255;249;80m[38;2;255;233;60m▄[48;2;169;47;0m[38;2;168;45;0m▄[48;2;154;40;0m[38;2;154;39;0m▄[48;2;255;244;77m[38;2;255;228;63m▄[48;2;168;46;0m[38;2;167;46;0m▄[48;2;255;232;65m[38;2;255;216;49m▄[48;2;255;227;59m[38;2;166;45;0m▄[48;2;255;221;49m[38;2;157;41;0m▄[48;2;167;45;0m[38;2;155;40;0m▄[48;2;255;224;58m[38;2;255;212;47m▄[48;2;171;49;0m[38;2;171;49;0m▄[48;2;147;35;0m[38;2;149;37;0m▄[48;2;0;0;0m[38;2;0;0;0m▄[48;2;255;225;56m[38;2;255;215;45m▄[48;2;255;227;57m[38;2;255;219;48m▄[48;2;152;38;0m[38;2;152;38;0m▄[48;2;0;0;0m[38;2;0;0;0m▄▄[48;2;255;233;66m[38;2;255;225;60m▄[48;2;164;43;0m[38;2;167;47;0m▄[48;2;146;34;0m[38;2;148;32;0m▄[48;2;255;231;63m[38;2;255;227;58m▄[48;2;255;228;59m[38;2;255;224;54m▄[48;2;158;41;0m[38;2;152;39;0m▄[48;2;255;230;61m[38;2;255;221;45m▄[48;2;214;129;10m[38;2;255;228;60m▄[48;2;151;38;0m[38;2;166;45;0m▄[48;2;227;152;13m[38;2;255;232;65m▄[48;2;160;42;0m[38;2;254;222;49m▄[48;2;155;40;0m[38;2;154;41;0m▄[48;2;0;0;0m[38;2;0;0;0m▄▄▄▄▄▄[0m
[48;2;0;0;0m[38;2;0;0;0m▄▄▄▄▄▄▄▄▄▄▄▄▄▄▄▄▄▄▄▄[48;2;255;203;35m▄[48;2;255;199;32m▄[48;2;255;197;30m▄[48;2;170;46;0m▄[48;2;255;198;35m[38;2;255;195;21m▄[48;2;255;195;29m[38;2;255;192;23m▄[48;2;230;153;19m[38;2;255;192;25m▄[48;2;163;44;0m[38;2;198;76;1m▄[48;2;255;206;39m[38;2;255;194;26m▄[48;2;255;207;38m[38;2;255;195;31m▄[48;2;156;40;0m[38;2;255;194;29m▄[48;2;153;39;0m[38;2;254;192;25m▄[48;2;255;0;0m[38;2;164;44;0m▄[48;2;255;216;50m[38;2;255;203;39m▄[48;2;167;46;0m[38;2;170;48;0m▄[48;2;151;31;0m[38;2;156;41;0m▄[48;2;255;220;53m[38;2;255;209;44m▄[48;2;255;219;48m[38;2;255;209;37m▄[48;2;154;39;0m[38;2;152;38;0m▄[48;2;0;0;0m[38;2;0;0;0m▄[48;2;255;225;59m[38;2;255;215;49m▄[48;2;255;224;57m[38;2;255;219;54m▄[48;2;255;226;58m[38;2;185;77;5m▄[48;2;155;40;0m[38;2;151;38;0m▄[48;2;0;0;0m[38;2;0;0;0m▄▄▄▄▄▄▄[0m
[48;2;0;0;0m[38;2;0;0;0m▄▄▄▄▄▄▄▄▄▄▄▄▄▄▄▄▄▄▄▄▄▄▄▄▄▄▄▄▄▄[48;2;255;192;20m▄[48;2;254;191;19m▄[48;2;165;43;0m▄[48;2;255;194;21m▄[48;2;255;193;28m▄[38;2;255;196;19m▄[48;2;255;197;31m[38;2;0;0;0m▄[48;2;163;43;0m▄[48;2;0;0;0m[38;2;255;192;10m▄[48;2;255;200;31m[38;2;255;192;26m▄[48;2;255;203;37m[38;2;165;45;0m▄[48;2;255;205;37m[38;2;0;0;0m▄[38;2;255;196;32m▄[48;2;162;43;0m[38;2;212;118;10m▄[48;2;143;31;0m[38;2;152;38;0m▄[48;2;0;0;0m[38;2;0;0;0m▄▄▄▄▄▄[0m
[48;2;0;0;0m[38;2;0;0;0m▄▄▄▄▄▄▄▄▄▄▄▄▄▄▄▄▄▄▄▄▄▄▄▄▄▄▄▄▄▄▄▄▄▄▄▄▄▄▄▄▄▄[48;2;255;192;18m▄[48;2;255;191;14m▄[48;2;164;44;0m▄[48;2;0;0;0m▄▄▄▄▄▄[0m
[48;2;0;0;0m[38;2;0;0;0m▄▄▄▄▄▄▄▄▄▄▄▄▄▄▄▄▄▄▄▄▄▄▄▄▄▄▄▄▄▄▄▄▄▄▄▄▄▄▄▄▄▄▄▄▄▄▄▄▄▄▄[0m
[48;2;0;0;0m[38;2;0;0;0m▄▄▄▄▄▄▄▄▄▄▄▄▄▄▄▄▄▄▄▄▄▄▄▄▄▄▄▄▄▄▄▄▄▄▄▄▄▄▄▄▄▄▄▄▄▄▄▄▄▄▄[0m
[48;2;0;0;0m[38;2;0;0;0m▄▄▄▄▄▄▄▄▄▄▄▄▄▄▄▄▄▄▄▄▄▄▄▄▄▄▄▄▄▄▄▄▄▄▄▄▄▄▄▄▄▄▄▄▄▄▄▄▄▄▄[0m
[48;2;0;0;0m[38;2;0;0;0m▄▄▄▄▄▄▄▄▄▄▄▄▄▄▄▄▄▄▄▄▄▄▄▄▄▄▄▄▄▄▄▄▄▄▄▄▄▄▄▄▄▄▄▄▄▄▄▄▄▄▄[0m
