[48;2;0;0;0m[38;2;0;0;0m▄▄▄▄▄▄▄▄▄▄▄▄▄▄▄▄▄▄▄▄▄▄▄▄▄▄▄▄▄▄▄▄▄▄▄▄▄▄▄▄▄▄▄▄▄▄▄▄▄▄▄[0m
[48;2;0;0;0m[38;2;0;0;0m▄▄▄▄▄▄▄▄▄▄▄▄▄▄▄▄▄▄▄▄▄▄▄▄▄▄▄▄▄▄▄▄▄▄▄▄▄▄▄▄▄▄▄▄▄▄▄▄▄▄▄[0m
[48;2;0;0;0m[38;2;0;0;0m▄▄▄▄▄▄▄▄▄▄▄▄▄▄▄▄▄▄▄▄▄▄▄▄▄▄▄▄▄▄▄▄▄▄▄▄▄▄▄▄▄▄▄▄▄▄▄▄▄▄▄[0m
[48;2;0;0;0m[38;2;0;0;0m▄▄▄▄▄▄▄▄▄▄▄▄▄▄▄▄▄▄▄▄▄▄▄▄▄▄▄▄▄▄▄▄▄▄▄▄▄▄▄▄▄▄▄▄▄▄▄▄▄▄▄[0m
[48;2;0;0;0m[38;2;0;0;0m▄▄▄▄▄▄▄▄▄▄▄▄▄▄▄▄▄▄▄▄▄▄▄▄▄▄▄▄▄▄▄▄▄▄▄▄▄▄▄▄▄▄▄▄▄▄▄▄▄▄▄[0m
[48;2;0;0;0m[38;2;0;0;0m▄▄▄▄▄▄▄▄▄▄▄▄▄▄▄▄▄▄▄▄▄▄▄▄▄▄[38;2;134;26;0m▄[38;2;147;35;0m▄[38;2;155;44;0m▄[38;2;0;0;0m▄[38;2;139;32;0m▄[38;2;156;40;0m▄[38;2;255;239;66m▄[38;2;150;38;0m▄[48;2;147;34;0m[38;2;255;246;74m▄[48;2;150;37;0m[38;2;169;63;4m▄[48;2;145;36;0m[38;2;254;245;74m▄[48;2;148;36;0m[38;2;204;117;13m▄[48;2;223;148;11m[38;2;255;249;79m▄[48;2;252;203;12m[38;2;0;0;0m▄[48;2;0;0;0m▄▄▄▄▄▄▄▄▄▄▄[0m
[48;2;0;0;0m[38;2;0;0;0m▄▄▄▄▄▄▄▄▄▄▄▄[38;2;144;34;0m▄[38;2;151;38;0m▄[38;2;0;0;0m▄[38;2;140;33;0m▄[38;2;156;41;0m▄[38;2;242;195;38m▄[48;2;145;36;0m[38;2;154;39;0m▄[48;2;146;34;0m[38;2;255;229;58m▄[48;2;149;37;0m[38;2;255;232;65m▄[48;2;152;39;0m[38;2;255;233;67m▄[48;2;148;37;0m[38;2;255;232;65m▄[48;2;153;38;0m[38;2;158;41;0m▄[48;2;251;197;30m[38;2;255;232;65m▄[48;2;0;0;0m[38;2;0;0;0m▄[48;2;138;32;0m[38;2;136;31;0m▄[48;2;155;40;0m[38;2;156;40;0m▄[48;2;255;236;67m[38;2;255;232;64m▄[48;2;0;0;0m[38;2;0;0;0m▄[48;2;141;33;0m[38;2;141;33;0m▄[48;2;160;42;0m[38;2;160;42;0m▄[48;2;255;251;82m[38;2;255;248;77m▄[48;2;152;38;0m[38;2;153;39;0m▄[48;2;255;249;79m[38;2;255;250;80m▄[48;2;157;49;0m[38;2;153;41;0m▄[48;2;159;41;0m[38;2;161;42;0m▄[48;2;255;250;81m[38;2;255;249;80m▄[48;2;255;236;56m[38;2;255;237;66m▄[48;2;0;0;0m[38;2;0;0;0m▄▄▄▄▄▄▄▄▄▄▄▄[0m
[48;2;0;0;0m[38;2;0;0;0m▄▄▄▄▄▄[38;2;141;33;0m▄[48;2;144;34;0m[38;2;159;42;0m▄[48;2;152;38;0m[38;2;255;232;64m▄[48;2;216;149;25m[38;2;254;221;49m▄[48;2;254;207;34m[38;2;255;229;60m▄[48;2;0;0;0m[38;2;255;228;57m▄[48;2;149;38;0m[38;2;151;38;0m▄[48;2;255;229;61m[38;2;255;228;61m▄[48;2;255;230;59m[38;2;255;227;59m▄[48;2;142;34;0m[38;2;151;38;0m▄[48;2;164;45;0m[38;2;164;44;0m▄[48;2;255;234;68m[38;2;255;227;61m▄[48;2;156;41;0m[38;2;157;42;0m▄[48;2;255;229;62m[38;2;255;221;55m▄[48;2;255;222;53m▄[48;2;150;37;0m[38;2;255;219;50m▄[48;2;146;36;0m[38;2;255;216;45m▄[48;2;156;40;0m[38;2;157;40;0m▄[48;2;255;225;59m[38;2;255;215;49m▄[48;2;0;0;0m[38;2;152;37;0m▄[48;2;136;31;0m[38;2;143;33;0m▄[48;2;156;40;0m[38;2;157;40;0m▄[48;2;255;223;55m[38;2;255;209;45m▄[48;2;0;0;0m[38;2;154;40;0m▄[48;2;141;33;0m[38;2;230;162;25m▄[48;2;162;43;0m[38;2;160;42;0m▄[48;2;255;235;67m[38;2;255;222;54m▄[48;2;157;41;0m[38;2;255;225;56m▄[48;2;255;246;78m[38;2;255;230;59m▄[48;2;158;42;0m[38;2;162;43;0m▄[48;2;254;236;66m[38;2;255;223;47m▄[48;2;176;66;2m[38;2;0;0;0m▄[48;2;255;222;54m▄[48;2;0;0;0m▄▄▄▄▄▄▄▄▄▄▄▄[0m
[48;2;0;0;0m[38;2;0;0;0m▄▄▄▄▄▄[48;2;144;34;0m▄[48;2;255;211;37m[38;2;155;38;0m▄[48;2;255;229;63m[38;2;255;217;47m▄[48;2;241;172;17m[38;2;255;220;52m▄[48;2;163;52;1m[38;2;255;219;53m▄[48;2;0;0;0m[38;2;255;215;47m▄[48;2;148;37;0m[38;2;154;40;0m▄[48;2;255;222;53m[38;2;255;210;43m▄[48;2;255;222;57m[38;2;255;211;44m▄[48;2;255;220;54m[38;2;143;35;0m▄[48;2;255;219;52m[38;2;159;42;0m▄[48;2;255;217;52m[38;2;255;204;40m▄[48;2;155;39;0m[38;2;155;39;0m▄[48;2;255;208;43m[38;2;255;195;32m▄[48;2;255;209;41m[38;2;255;197;32m▄[48;2;149;37;0m[38;2;255;193;28m▄[48;2;148;37;0m[38;2;255;193;27m▄[48;2;157;40;0m[38;2;161;42;0m▄[48;2;255;201;38m[38;2;255;191;24m▄[48;2;255;195;29m[38;2;255;192;23m▄[48;2;255;194;29m[38;2;255;195;21m▄[48;2;163;43;0m[38;2;0;0;0m▄[48;2;255;195;30m▄[48;2;255;197;30m▄[48;2;255;200;31m▄[48;2;0;0;0m▄▄▄▄▄▄▄▄▄▄▄▄▄▄▄▄▄▄▄▄[0m
[48;2;0;0;0m[38;2;0;0;0m▄▄▄▄▄▄[48;2;140;33;0m[38;2;255;0;0m▄[48;2;150;38;0m[38;2;246;181;19m▄[48;2;158;42;0m[38;2;255;198;34m▄[48;2;142;34;0m[38;2;255;193;24m▄[48;2;160;42;0m[38;2;255;192;24m▄[48;2;255;205;41m[38;2;255;194;24m▄[48;2;157;43;0m[38;2;155;36;0m▄[48;2;255;197;32m[38;2;254;186;17m▄[48;2;255;200;33m[38;2;255;192;19m▄[48;2;142;34;0m[38;2;0;0;0m▄[48;2;163;45;0m▄[48;2;255;193;27m▄[48;2;156;39;0m▄[48;2;254;190;18m▄[48;2;255;191;22m▄[48;2;255;188;11m▄[48;2;0;0;0m▄▄▄▄▄▄▄▄▄▄▄▄▄▄▄▄▄▄▄▄▄▄▄▄▄▄▄▄▄[0m
[48;2;0;0;0m[38;2;0;0;0m▄▄▄▄▄▄▄▄[48;2;255;190;18m▄[48;2;255;188;21m▄[48;2;255;198;18m▄[48;2;0;0;0m▄▄▄▄▄▄▄▄▄▄▄▄▄▄▄▄▄▄▄▄▄▄▄▄▄▄▄▄▄▄▄▄▄▄▄▄▄▄▄▄[0m
[48;2;0;0;0m[38;2;0;0;0m▄▄▄▄▄▄▄▄▄▄▄▄▄▄▄▄▄▄▄▄▄▄▄▄▄▄▄▄▄▄▄▄▄▄▄▄▄▄▄▄▄▄▄▄▄▄▄▄▄▄▄[0m
[48;2;0;0;0m[38;2;0;0;0m▄▄▄▄▄▄▄▄▄▄▄▄▄▄▄▄▄▄▄▄▄▄▄▄▄▄▄▄▄▄▄▄▄▄▄▄▄▄▄▄▄▄▄▄▄▄▄▄▄▄▄[0m
[48;2;0;0;0m[38;2;0;0;0m▄▄▄▄▄▄▄▄▄▄▄▄▄▄▄▄▄▄▄▄▄▄▄▄▄▄▄▄▄▄▄▄▄▄▄▄▄▄▄▄▄▄▄▄▄▄▄▄▄▄▄[0m
[48;2;0;0;0m[38;2;0;0;0m▄▄▄▄▄▄▄▄▄▄▄▄▄▄▄▄▄▄▄▄▄▄▄▄▄▄▄▄▄▄▄▄▄▄▄▄▄▄▄▄▄▄▄▄▄▄▄▄▄▄▄[0m
