[48;2;0;0;0m[38;2;0;0;0m▄▄▄▄▄▄▄▄▄▄▄▄▄▄▄▄▄▄▄▄▄▄▄▄▄▄▄▄▄▄▄▄▄▄▄▄▄▄▄▄▄▄▄▄▄▄▄▄▄▄▄[0m
[48;2;0;0;0m[38;2;0;0;0m▄▄▄▄▄▄▄▄▄▄▄▄▄▄▄▄▄▄▄▄▄▄▄▄▄▄▄▄▄▄▄▄▄▄▄▄▄▄▄▄▄▄▄▄▄▄▄▄▄▄▄[0m
[48;2;0;0;0m[38;2;0;0;0m▄▄▄▄▄▄▄▄▄▄▄▄▄▄▄▄▄▄▄▄▄▄▄▄▄▄▄▄▄▄▄▄▄▄▄▄▄▄▄▄▄▄▄▄▄▄▄▄▄▄▄[0m
[48;2;0;0;0m[38;2;0;0;0m▄▄▄▄▄▄▄▄▄▄▄▄▄▄▄▄▄▄▄▄▄▄▄▄▄▄▄▄▄▄▄▄▄▄▄▄▄▄▄▄▄▄▄▄▄▄▄▄▄▄▄[0m
[48;2;0;0;0m[38;2;0;0;0m▄▄▄▄▄▄▄▄▄▄▄▄▄▄▄▄▄▄▄▄▄▄▄▄▄▄▄▄▄▄▄▄▄▄▄▄▄▄▄▄▄▄▄▄▄▄▄▄▄▄▄[0m
[48;2;0;0;0m[38;2;0;0;0m▄▄▄▄▄▄▄▄▄▄[38;2;255;236;64m▄[38;2;255;242;72m▄[38;2;140;56;3m▄[38;2;105;20;0m▄[38;2;254;234;55m▄[38;2;108;20;0m▄[38;2;69;0;0m▄[38;2;112;24;0m▄[38;2;103;18;0m▄▄[38;2;101;19;0m▄[38;2;102;17;0m▄[38;2;99;16;0m▄[38;2;88;11;0m▄[38;2;0;0;0m▄▄▄▄▄▄▄▄▄▄▄▄▄▄▄▄▄▄▄▄▄▄▄▄▄▄▄[0m
[48;2;0;0;0m[38;2;0;0;0m▄▄▄▄▄▄▄▄▄[48;2;255;219;38m▄[48;2;255;232;63m[38;2;255;225;53m▄[48;2;123;29;0m[38;2;255;232;65m▄[48;2;254;235;63m[38;2;253;217;47m▄[48;2;107;20;0m[38;2;109;20;0m▄[48;2;255;251;82m[38;2;255;251;83m▄[48;2;112;21;0m[38;2;255;249;79m▄[48;2;92;0;0m[38;2;254;245;74m▄[48;2;255;250;80m[38;2;255;251;81m▄[48;2;113;23;0m[38;2;114;24;0m▄[48;2;255;249;80m[38;2;255;250;81m▄[48;2;255;251;82m[38;2;118;25;0m▄[48;2;255;250;81m[38;2;108;21;0m▄[48;2;255;248;77m[38;2;105;19;0m▄[48;2;108;21;0m[38;2;91;9;0m▄[48;2;255;240;69m[38;2;255;240;72m▄[48;2;111;22;0m[38;2;115;24;0m▄[48;2;0;0;0m[38;2;0;0;0m▄▄[48;2;197;130;5m[38;2;255;214;33m▄[48;2;108;22;0m[38;2;255;232;65m▄[48;2;99;16;0m[38;2;105;19;0m▄[48;2;0;0;0m[38;2;0;0;0m▄▄[38;2;255;227;57m▄[48;2;98;16;0m[38;2;255;228;57m▄[48;2;78;0;0m[38;2;102;18;0m▄[48;2;0;0;0m[38;2;0;0;0m▄[38;2;254;226;56m▄[38;2;182;118;14m▄[38;2;166;71;0m▄[38;2;103;19;0m▄[38;2;102;18;0m▄[38;2;0;0;0m▄▄[38;2;102;19;0m▄[38;2;91;14;0m▄[38;2;0;0;0m▄▄▄▄▄[0m
[48;2;0;0;0m[38;2;0;0;0m▄▄▄▄▄▄▄▄▄[48;2;255;203;23m▄[48;2;255;202;32m[38;2;255;198;28m▄[48;2;113;24;0m[38;2;255;201;32m▄[48;2;255;227;61m[38;2;255;209;39m▄[48;2;121;27;0m[38;2;112;24;0m▄[48;2;255;245;77m[38;2;255;230;63m▄[48;2;173;104;15m[38;2;114;24;0m▄[48;2;255;230;51m[38;2;90;8;0m▄[48;2;255;251;82m[38;2;255;247;79m▄[48;2;113;23;0m[38;2;112;22;0m▄[48;2;255;251;82m[38;2;255;244;77m▄[48;2;255;249;79m[38;2;136;38;0m▄[48;2;255;245;77m[38;2;103;18;0m▄[48;2;255;234;62m[38;2;101;18;0m▄[48;2;103;19;0m[38;2;97;17;0m▄[48;2;255;233;67m[38;2;255;222;56m▄[48;2;115;24;0m[38;2;115;24;0m▄[48;2;0;0;0m[38;2;0;0;0m▄▄[48;2;255;217;37m[38;2;255;213;35m▄[48;2;255;227;60m[38;2;255;218;50m▄[48;2;105;20;0m[38;2;105;19;0m▄[48;2;0;0;0m[38;2;0;0;0m▄▄[48;2;255;225;55m[38;2;255;218;49m▄[48;2;255;228;61m[38;2;255;222;54m▄[48;2;100;18;0m[38;2;99;17;0m▄[48;2;0;0;0m[38;2;0;0;0m▄[48;2;255;232;66m[38;2;255;226;60m▄[48;2;191;132;24m[38;2;189;121;19m▄[48;2;0;0;0m[38;2;0;0;0m▄[48;2;255;231;64m[38;2;255;208;25m▄[48;2;254;215;39m[38;2;255;228;61m▄[48;2;100;17;0m[38;2;255;218;47m▄[48;2;255;230;62m[38;2;255;229;62m▄[48;2;255;228;57m[38;2;78;9;0m▄[48;2;0;0;0m[38;2;0;0;0m▄▄▄▄▄▄[0m
[48;2;0;0;0m[38;2;0;0;0m▄▄▄▄▄▄▄▄▄▄▄▄▄▄▄▄▄[48;2;255;232;62m▄[48;2;113;22;0m▄[48;2;255;227;58m▄[48;2;255;224;57m▄[48;2;255;217;49m▄[48;2;255;208;39m▄[48;2;113;23;0m▄[48;2;255;206;42m[38;2;255;197;24m▄[48;2;255;199;33m[38;2;255;195;26m▄[48;2;255;197;30m[38;2;255;194;26m▄[48;2;121;34;1m[38;2;255;190;21m▄[48;2;255;204;35m[38;2;254;192;20m▄[48;2;255;205;40m[38;2;255;194;29m▄[48;2;110;21;0m▄[48;2;103;19;0m▄[48;2;99;17;0m[38;2;196;113;9m▄[48;2;255;208;41m[38;2;255;198;22m▄[48;2;255;210;43m[38;2;255;199;34m▄[48;2;102;18;0m[38;2;219;144;16m▄[48;2;0;0;0m[38;2;252;193;27m▄[48;2;255;216;51m[38;2;255;203;39m▄[48;2;163;65;0m[38;2;104;21;0m▄[48;2;0;0;0m[38;2;0;0;0m▄[38;2;255;201;31m▄[48;2;255;219;52m[38;2;255;208;43m▄[48;2;255;221;57m[38;2;255;210;44m▄[48;2;161;88;11m[38;2;255;205;35m▄[48;2;0;0;0m[38;2;100;17;0m▄[38;2;0;0;0m▄▄▄▄▄▄[0m
[48;2;0;0;0m[38;2;0;0;0m▄▄▄▄▄▄▄▄▄▄▄▄▄▄▄▄▄▄▄▄▄▄▄▄▄▄▄▄▄▄▄▄[48;2;223;127;0m▄[48;2;0;0;0m▄[48;2;255;191;18m▄[48;2;255;190;23m▄[48;2;255;190;24m▄[48;2;253;190;19m▄[48;2;0;0;0m▄[48;2;255;188;15m▄[48;2;255;194;31m▄[48;2;183;108;10m▄[48;2;255;196;19m▄[48;2;255;198;34m[38;2;255;192;19m▄[48;2;112;23;0m[38;2;255;190;15m▄[48;2;0;0;0m[38;2;106;19;0m▄[38;2;0;0;0m▄▄▄▄▄[0m
[48;2;0;0;0m[38;2;0;0;0m▄▄▄▄▄▄▄▄▄▄▄▄▄▄▄▄▄▄▄▄▄▄▄▄▄▄▄▄▄▄▄▄▄▄▄▄▄▄▄▄▄▄▄▄▄▄▄▄▄▄▄[0m
[48;2;0;0;0m[38;2;0;0;0m▄▄▄▄▄▄▄▄▄▄▄▄▄▄▄▄▄▄▄▄▄▄▄▄▄▄▄▄▄▄▄▄▄▄▄▄▄▄▄▄▄▄▄▄▄▄▄▄▄▄▄[0m
[48;2;0;0;0m[38;2;0;0;0m▄▄▄▄▄▄▄▄▄▄▄▄▄▄▄▄▄▄▄▄▄▄▄▄▄▄▄▄▄▄▄▄▄▄▄▄▄▄▄▄▄▄▄▄▄▄▄▄▄▄▄[0m
[48;2;0;0;0m[38;2;0;0;0m▄▄▄▄▄▄▄▄▄▄▄▄▄▄▄▄▄▄▄▄▄▄▄▄▄▄▄▄▄▄▄▄▄▄▄▄▄▄▄▄▄▄▄▄▄▄▄▄▄▄▄[0m
[48;2;0;0;0m[38;2;0;0;0m▄▄▄▄▄▄▄▄▄▄▄▄▄▄▄▄▄▄▄▄▄▄▄▄▄▄▄▄▄▄▄▄▄▄▄▄▄▄▄▄▄▄▄▄▄▄▄▄▄▄▄[0m
