[48;2;0;0;0m[38;2;0;0;0m▄▄▄▄▄▄▄▄▄▄▄▄▄▄▄▄▄▄▄▄▄▄▄▄▄▄▄▄▄▄▄▄▄▄▄▄▄▄▄▄▄▄▄▄▄▄▄▄▄▄▄[0m
[48;2;0;0;0m[38;2;0;0;0m▄▄▄▄▄▄▄▄▄▄▄▄▄▄▄▄▄▄▄▄▄▄▄▄▄▄▄▄▄▄▄▄▄▄▄▄▄▄▄▄▄▄▄▄▄▄▄▄▄▄▄[0m
[48;2;0;0;0m[38;2;0;0;0m▄▄▄▄▄▄▄▄▄▄▄▄▄▄▄▄▄▄▄▄▄▄▄▄▄▄▄▄▄▄▄▄▄▄▄▄▄▄▄▄▄▄▄▄▄▄▄▄▄▄▄[0m
[48;2;0;0;0m[38;2;0;0;0m▄▄▄▄▄▄▄▄▄▄▄▄▄▄▄▄▄▄▄▄▄▄▄▄▄▄▄▄▄▄▄▄▄▄▄▄▄▄▄▄▄▄▄▄▄▄▄▄▄▄▄[0m
[48;2;0;0;0m[38;2;0;0;0m▄▄▄▄▄▄▄▄▄▄▄▄▄▄▄▄▄▄▄▄▄▄▄▄▄▄▄▄▄▄▄▄▄▄▄▄▄▄▄▄▄▄▄▄▄▄▄▄▄▄▄[0m
[48;2;0;0;0m[38;2;0;0;0m▄▄▄▄▄▄▄▄▄▄▄▄[48;2;253;174;6m[38;2;255;249;78m▄[48;2;160;42;0m[38;2;254;241;69m▄[48;2;150;37;0m[38;2;191;93;7m▄[48;2;141;33;0m[38;2;255;249;80m▄[48;2;0;0;0m[38;2;173;68;8m▄[38;2;147;36;0m▄[38;2;254;239;66m▄[38;2;154;39;0m▄[38;2;151;38;0m▄[38;2;150;38;0m▄[38;2;149;38;0m▄[38;2;149;35;0m▄[38;2;144;33;0m▄[38;2;0;0;0m▄▄▄▄▄▄▄▄▄▄▄▄▄▄▄▄▄▄▄▄▄▄▄▄▄▄[0m
[48;2;0;0;0m[38;2;0;0;0m▄▄▄▄▄▄▄▄▄▄▄▄[48;2;255;249;78m[38;2;164;45;0m▄[48;2;254;229;55m[38;2;255;236;62m▄[48;2;160;42;0m[38;2;255;243;70m▄[48;2;255;251;83m[38;2;255;250;80m▄[48;2;184;78;8m[38;2;255;251;82m▄[48;2;153;39;0m[38;2;255;250;81m▄[48;2;255;252;84m[38;2;255;250;82m▄[48;2;161;43;0m[38;2;161;42;0m▄[48;2;255;243;77m[38;2;255;238;70m▄[48;2;255;238;67m[38;2;160;42;0m▄[48;2;255;236;68m[38;2;152;39;0m▄[48;2;162;44;0m▄[48;2;255;229;61m[38;2;255;231;64m▄[48;2;160;43;0m[38;2;165;46;0m▄[48;2;140;32;0m[38;2;141;33;0m▄[48;2;0;0;0m[38;2;0;0;0m▄[48;2;159;47;0m[38;2;255;230;60m▄[48;2;153;39;0m[38;2;255;204;35m▄[48;2;141;33;0m[38;2;143;34;0m▄[48;2;0;0;0m[38;2;0;0;0m▄[38;2;255;209;28m▄[38;2;242;195;38m▄[38;2;153;39;0m▄[38;2;139;32;0m▄[38;2;161;44;0m▄[38;2;151;38;0m▄[38;2;144;34;0m▄[38;2;0;0;0m▄▄▄▄▄▄▄▄▄▄▄▄[0m
[48;2;0;0;0m[38;2;0;0;0m▄▄▄▄▄▄▄▄▄▄▄▄[48;2;255;222;51m▄[48;2;221;156;32m[38;2;255;214;40m▄[48;2;255;241;72m[38;2;0;0;0m▄[48;2;255;245;73m[38;2;255;218;36m▄[48;2;253;169;13m[38;2;255;208;29m▄[48;2;154;40;0m[38;2;155;42;0m▄[48;2;255;238;69m[38;2;255;222;54m▄[48;2;161;42;0m[38;2;162;43;0m▄[48;2;255;228;62m[38;2;255;213;47m▄[48;2;255;225;56m[38;2;160;42;0m▄[48;2;255;221;48m[38;2;149;37;0m▄[48;2;160;42;0m[38;2;150;38;0m▄[48;2;255;224;57m[38;2;255;212;45m▄[48;2;165;46;0m[38;2;165;46;0m▄[48;2;141;33;0m[38;2;142;33;0m▄[48;2;0;0;0m[38;2;0;0;0m▄[48;2;255;225;56m[38;2;255;217;49m▄[48;2;255;195;31m[38;2;254;188;29m▄[48;2;143;34;0m[38;2;143;34;0m▄[48;2;0;0;0m[38;2;0;0;0m▄[48;2;255;207;27m[38;2;255;212;34m▄[48;2;255;233;66m[38;2;255;227;61m▄[48;2;158;42;0m[38;2;156;40;0m▄[48;2;139;32;0m[38;2;127;31;0m▄[48;2;255;233;66m[38;2;255;229;64m▄[48;2;201;120;18m[38;2;200;107;12m▄[48;2;228;156;10m[38;2;142;34;0m▄[48;2;255;229;59m[38;2;255;230;62m▄[48;2;156;40;0m[38;2;247;200;32m▄[48;2;138;33;0m[38;2;183;87;6m▄[48;2;160;42;0m[38;2;255;233;67m▄[48;2;150;38;0m[38;2;254;204;24m▄[48;2;143;34;0m[38;2;147;29;0m▄[48;2;0;0;0m[38;2;0;0;0m▄▄▄▄▄▄[0m
[48;2;0;0;0m[38;2;0;0;0m▄▄▄▄▄▄▄▄▄▄▄▄▄▄▄▄▄▄▄▄[48;2;255;200;31m▄[48;2;255;197;30m▄[48;2;255;195;29m▄[48;2;167;48;0m▄[48;2;255;198;34m[38;2;255;195;16m▄[48;2;255;195;29m[38;2;255;192;23m▄[48;2;205;114;11m[38;2;255;192;25m▄[48;2;155;40;0m[38;2;162;43;0m▄[48;2;255;203;40m[38;2;255;193;28m▄[48;2;250;170;21m[38;2;255;194;30m▄[48;2;147;36;0m[38;2;255;194;28m▄[48;2;153;34;0m[38;2;253;192;24m▄[48;2;255;210;34m[38;2;193;100;11m▄[48;2;255;217;52m[38;2;255;204;40m▄[48;2;154;39;0m[38;2;160;42;0m▄[48;2;127;31;0m[38;2;145;35;0m▄[48;2;255;222;56m[38;2;255;211;46m▄[48;2;174;56;0m[38;2;159;41;0m▄[48;2;142;33;0m[38;2;140;33;0m▄[48;2;255;214;31m[38;2;255;199;20m▄[48;2;255;225;58m[38;2;255;219;54m▄[48;2;255;226;59m[38;2;255;220;55m▄[48;2;255;224;54m[38;2;158;42;0m▄[48;2;146;35;0m[38;2;138;33;0m▄[48;2;0;0;0m[38;2;0;0;0m▄▄▄▄▄▄▄[0m
[48;2;0;0;0m[38;2;0;0;0m▄▄▄▄▄▄▄▄▄▄▄▄▄▄▄▄▄▄▄▄▄▄▄▄▄▄▄▄▄[48;2;255;185;11m▄[48;2;255;191;22m▄[48;2;255;192;19m▄[48;2;154;40;0m▄[48;2;255;194;24m▄[48;2;255;193;28m▄[48;2;255;195;29m[38;2;255;189;18m▄[48;2;255;199;32m[38;2;0;0;0m▄[48;2;154;39;0m▄[48;2;0;0;0m[38;2;255;192;17m▄[48;2;255;203;36m[38;2;255;193;28m▄[48;2;255;205;38m[38;2;154;40;0m▄[48;2;255;208;43m[38;2;253;198;24m▄[48;2;253;197;26m[38;2;255;197;32m▄[48;2;146;35;0m[38;2;158;41;0m▄[48;2;0;0;0m[38;2;139;32;0m▄[38;2;0;0;0m▄▄▄▄▄▄[0m
[48;2;0;0;0m[38;2;0;0;0m▄▄▄▄▄▄▄▄▄▄▄▄▄▄▄▄▄▄▄▄▄▄▄▄▄▄▄▄▄▄▄▄▄▄▄▄▄▄▄▄▄▄[48;2;255;192;21m▄[48;2;254;189;12m▄[48;2;149;36;0m▄[48;2;0;0;0m▄▄▄▄▄▄[0m
[48;2;0;0;0m[38;2;0;0;0m▄▄▄▄▄▄▄▄▄▄▄▄▄▄▄▄▄▄▄▄▄▄▄▄▄▄▄▄▄▄▄▄▄▄▄▄▄▄▄▄▄▄▄▄▄▄▄▄▄▄▄[0m
[48;2;0;0;0m[38;2;0;0;0m▄▄▄▄▄▄▄▄▄▄▄▄▄▄▄▄▄▄▄▄▄▄▄▄▄▄▄▄▄▄▄▄▄▄▄▄▄▄▄▄▄▄▄▄▄▄▄▄▄▄▄[0m
[48;2;0;0;0m[38;2;0;0;0m▄▄▄▄▄▄▄▄▄▄▄▄▄▄▄▄▄▄▄▄▄▄▄▄▄▄▄▄▄▄▄▄▄▄▄▄▄▄▄▄▄▄▄▄▄▄▄▄▄▄▄[0m
[48;2;0;0;0m[38;2;0;0;0m▄▄▄▄▄▄▄▄▄▄▄▄▄▄▄▄▄▄▄▄▄▄▄▄▄▄▄▄▄▄▄▄▄▄▄▄▄▄▄▄▄▄▄▄▄▄▄▄▄▄▄[0m
