[48;2;0;0;0m[38;2;0;0;0m▄▄▄▄▄▄▄▄▄▄▄▄▄▄▄▄▄▄▄▄▄▄▄▄▄▄▄▄▄▄▄▄▄▄▄▄▄▄▄▄▄▄▄▄▄▄▄▄▄▄▄[0m
[48;2;0;0;0m[38;2;0;0;0m▄▄▄▄▄▄▄▄▄▄▄▄▄▄▄▄▄▄▄▄▄▄▄▄▄▄▄▄▄▄▄▄▄▄▄▄▄▄▄▄▄▄▄▄▄▄▄▄▄▄▄[0m
[48;2;0;0;0m[38;2;0;0;0m▄▄▄▄▄▄▄▄▄▄▄▄▄▄▄▄▄▄▄▄▄▄▄▄▄▄▄▄▄▄▄▄▄▄▄▄▄▄▄▄▄▄▄▄▄▄▄▄▄▄▄[0m
[48;2;0;0;0m[38;2;0;0;0m▄▄▄▄▄▄▄▄▄▄▄▄▄▄▄▄▄▄▄▄▄▄▄▄▄▄▄▄▄▄▄▄▄▄▄▄▄▄▄▄▄▄▄▄▄▄▄▄▄▄▄[0m
[48;2;0;0;0m[38;2;0;0;0m▄▄▄▄▄▄▄▄▄▄▄▄▄▄▄▄▄▄▄▄▄▄▄▄▄▄▄▄▄▄▄▄▄▄▄▄▄▄▄▄▄▄▄▄▄▄▄▄▄▄▄[0m
[48;2;0;0;0m[38;2;0;0;0m▄▄▄▄▄▄▄▄▄▄▄▄[48;2;255;197;13m[38;2;255;248;77m▄[48;2;157;41;0m[38;2;254;227;55m▄[48;2;147;35;0m[38;2;237;177;21m▄[48;2;136;31;0m[38;2;255;248;76m▄[48;2;0;0;0m[38;2;227;127;10m▄[38;2;145;35;0m▄[38;2;255;238;63m▄[38;2;151;37;0m▄[38;2;147;37;0m▄▄[38;2;146;36;0m▄[38;2;145;35;0m▄[38;2;140;31;0m▄[38;2;0;0;0m▄▄▄▄▄▄▄▄▄▄▄▄▄▄▄▄▄▄▄▄▄▄▄▄▄▄[0m
[48;2;0;0;0m[38;2;0;0;0m▄▄▄▄▄▄▄▄▄▄▄▄[48;2;255;249;78m[38;2;164;45;0m▄[48;2;255;243;72m[38;2;253;216;40m▄[48;2;157;41;0m[38;2;255;249;79m▄[48;2;255;247;75m[38;2;255;234;54m▄[48;2;251;165;13m[38;2;255;251;82m▄[48;2;153;40;0m[38;2;255;250;81m▄[48;2;255;250;80m[38;2;255;248;79m▄[48;2;158;41;0m[38;2;160;42;0m▄[48;2;255;243;76m[38;2;255;237;69m▄[48;2;255;237;67m[38;2;158;42;0m▄[48;2;255;236;68m[38;2;148;37;0m▄[48;2;159;42;0m[38;2;148;36;0m▄[48;2;255;230;60m[38;2;255;231;64m▄[48;2;158;42;0m[38;2;161;45;0m▄[48;2;136;31;0m[38;2;137;31;0m▄[48;2;0;0;0m[38;2;0;0;0m▄[48;2;159;47;0m[38;2;255;231;63m▄[48;2;149;37;0m[38;2;254;187;26m▄[48;2;136;32;0m[38;2;140;33;0m▄[48;2;0;0;0m[38;2;0;0;0m▄[38;2;255;203;19m▄[38;2;242;194;37m▄[38;2;148;37;0m▄[38;2;131;24;0m▄[38;2;156;41;0m▄[38;2;145;35;0m▄[38;2;139;32;0m▄[38;2;0;0;0m▄▄▄▄▄▄▄▄▄▄▄▄[0m
[48;2;0;0;0m[38;2;0;0;0m▄▄▄▄▄▄▄▄▄▄▄▄[48;2;255;221;51m▄[48;2;219;150;26m[38;2;255;209;36m▄[48;2;255;243;74m[38;2;0;0;0m▄[48;2;255;201;22m[38;2;255;216;33m▄[48;2;255;241;68m[38;2;255;228;54m▄[48;2;148;37;0m[38;2;147;37;0m▄[48;2;255;236;69m[38;2;255;221;54m▄[48;2;160;43;0m[38;2;160;43;0m▄[48;2;255;227;61m[38;2;255;213;47m▄[48;2;255;225;56m[38;2;158;41;0m▄[48;2;255;221;49m[38;2;146;36;0m▄[48;2;157;41;0m[38;2;146;35;0m▄[48;2;255;224;56m[38;2;255;212;45m▄[48;2;161;45;0m[38;2;161;45;0m▄[48;2;137;31;0m[38;2;138;32;0m▄[48;2;0;0;0m[38;2;0;0;0m▄[48;2;255;226;59m[38;2;255;218;51m▄[48;2;251;164;19m[38;2;232;135;12m▄[48;2;139;33;0m[38;2;139;33;0m▄[48;2;0;0;0m[38;2;0;0;0m▄[48;2;255;212;32m[38;2;255;215;39m▄[48;2;255;233;67m[38;2;255;226;60m▄[48;2;153;39;0m[38;2;151;37;0m▄[48;2;127;31;0m[38;2;127;31;0m▄[48;2;255;233;66m[38;2;255;230;64m▄[48;2;196;91;4m[38;2;162;44;0m▄[48;2;254;204;22m[38;2;139;33;0m▄[48;2;255;227;55m[38;2;255;230;63m▄[48;2;152;38;0m[38;2;243;191;28m▄[48;2;135;31;0m[38;2;183;89;7m▄[48;2;155;41;0m[38;2;255;233;67m▄[48;2;146;36;0m[38;2;234;172;18m▄[48;2;138;32;0m[38;2;137;29;0m▄[48;2;0;0;0m[38;2;0;0;0m▄▄▄▄▄▄[0m
[48;2;0;0;0m[38;2;0;0;0m▄▄▄▄▄▄▄▄▄▄▄▄▄▄▄▄▄▄▄▄[48;2;255;200;31m▄[48;2;255;197;29m▄[48;2;255;195;28m▄[48;2;159;42;0m▄[48;2;255;198;33m[38;2;255;195;16m▄[48;2;255;195;29m[38;2;255;192;23m▄[48;2;183;82;6m[38;2;255;192;25m▄[48;2;152;38;0m[38;2;160;42;0m▄[48;2;255;204;40m[38;2;255;194;28m▄[48;2;196;91;8m[38;2;255;195;30m▄[48;2;143;34;0m[38;2;255;194;28m▄[48;2;136;34;0m[38;2;254;192;24m▄[48;2;255;209;36m[38;2;192;100;11m▄[48;2;255;216;49m[38;2;255;204;39m▄[48;2;151;37;0m[38;2;156;40;0m▄[48;2;127;31;0m[38;2;142;34;0m▄[48;2;255;222;56m[38;2;255;211;47m▄[48;2;156;40;0m[38;2;154;39;0m▄[48;2;138;32;0m[38;2;136;31;0m▄[48;2;255;214;32m[38;2;255;204;19m▄[48;2;255;225;57m[38;2;255;220;55m▄[48;2;255;226;59m[38;2;255;220;53m▄[48;2;255;223;52m[38;2;155;40;0m▄[48;2;143;34;0m[38;2;135;30;0m▄[48;2;0;0;0m[38;2;0;0;0m▄▄▄▄▄▄▄[0m
[48;2;0;0;0m[38;2;0;0;0m▄▄▄▄▄▄▄▄▄▄▄▄▄▄▄▄▄▄▄▄▄▄▄▄▄▄▄▄▄[48;2;255;191;21m▄[48;2;255;192;20m▄[48;2;255;191;19m▄[48;2;154;37;0m▄[48;2;255;194;24m▄[48;2;255;194;28m▄[48;2;255;195;29m[38;2;255;188;17m▄[48;2;255;198;32m[38;2;0;0;0m▄[48;2;150;37;0m▄[48;2;0;0;0m[38;2;255;191;18m▄[48;2;255;203;37m[38;2;255;193;28m▄[48;2;255;206;38m[38;2;150;38;0m▄[48;2;255;209;44m[38;2;255;197;26m▄[48;2;215;130;13m[38;2;255;197;31m▄[48;2;142;33;0m[38;2;154;39;0m▄[48;2;0;0;0m[38;2;134;29;0m▄[38;2;0;0;0m▄▄▄▄▄▄[0m
[48;2;0;0;0m[38;2;0;0;0m▄▄▄▄▄▄▄▄▄▄▄▄▄▄▄▄▄▄▄▄▄▄▄▄▄▄▄▄▄▄▄▄▄▄▄▄▄▄▄▄▄▄[48;2;255;191;21m▄[48;2;251;182;11m▄[48;2;144;34;0m▄[48;2;0;0;0m▄▄▄▄▄▄[0m
[48;2;0;0;0m[38;2;0;0;0m▄▄▄▄▄▄▄▄▄▄▄▄▄▄▄▄▄▄▄▄▄▄▄▄▄▄▄▄▄▄▄▄▄▄▄▄▄▄▄▄▄▄▄▄▄▄▄▄▄▄▄[0m
[48;2;0;0;0m[38;2;0;0;0m▄▄▄▄▄▄▄▄▄▄▄▄▄▄▄▄▄▄▄▄▄▄▄▄▄▄▄▄▄▄▄▄▄▄▄▄▄▄▄▄▄▄▄▄▄▄▄▄▄▄▄[0m
[48;2;0;0;0m[38;2;0;0;0m▄▄▄▄▄▄▄▄▄▄▄▄▄▄▄▄▄▄▄▄▄▄▄▄▄▄▄▄▄▄▄▄▄▄▄▄▄▄▄▄▄▄▄▄▄▄▄▄▄▄▄[0m
[48;2;0;0;0m[38;2;0;0;0m▄▄▄▄▄▄▄▄▄▄▄▄▄▄▄▄▄▄▄▄▄▄▄▄▄▄▄▄▄▄▄▄▄▄▄▄▄▄▄▄▄▄▄▄▄▄▄▄▄▄▄[0m
