[48;2;0;0;0m[38;2;0;0;0m▄▄▄▄▄▄▄▄▄▄▄▄▄▄▄▄▄▄▄▄▄▄▄▄▄▄▄▄▄▄▄▄▄▄▄▄▄▄▄▄▄▄▄▄▄▄▄▄▄▄▄[0m
[48;2;0;0;0m[38;2;0;0;0m▄▄▄▄▄▄▄▄▄▄▄▄▄▄▄▄▄▄▄▄▄▄▄▄▄▄▄▄▄▄▄▄▄▄▄▄▄▄▄▄▄▄▄▄▄▄▄▄▄▄▄[0m
[48;2;0;0;0m[38;2;0;0;0m▄▄▄▄▄▄▄▄▄▄▄▄▄▄▄▄▄▄▄▄▄▄▄▄▄▄▄▄▄▄▄▄▄▄▄▄▄▄▄▄▄▄▄▄▄▄▄▄▄▄▄[0m
[48;2;0;0;0m[38;2;0;0;0m▄▄▄▄▄▄▄▄▄▄▄▄▄▄▄▄▄▄▄▄▄▄▄▄▄▄▄▄▄▄▄▄▄▄▄▄▄▄▄▄▄▄▄▄▄▄▄▄▄▄▄[0m
[48;2;0;0;0m[38;2;0;0;0m▄▄▄▄▄▄▄▄▄▄▄▄▄▄▄▄▄▄▄▄▄▄▄▄▄▄▄▄▄▄▄▄▄▄▄▄▄▄▄▄▄▄▄▄▄▄▄▄▄▄▄[0m
[48;2;0;0;0m[38;2;0;0;0m▄▄▄▄▄▄▄▄▄▄▄[38;2;255;247;78m▄[48;2;173;48;0m[38;2;255;249;78m▄[48;2;164;43;0m[38;2;225;146;13m▄[48;2;0;0;0m[38;2;185;75;2m▄[38;2;255;247;76m▄[38;2;165;44;0m▄[38;2;252;207;35m▄[38;2;185;74;2m▄[38;2;164;44;0m▄[38;2;170;47;0m▄[38;2;165;44;0m▄[38;2;164;43;0m▄[38;2;161;40;0m▄[38;2;0;0;0m▄▄▄▄▄▄▄▄▄▄▄▄▄▄▄▄▄▄▄▄▄▄▄▄▄▄▄[0m
[48;2;0;0;0m[38;2;0;0;0m▄▄▄▄▄▄▄▄▄▄▄[48;2;255;241;72m[38;2;192;83;4m▄[48;2;193;72;2m[38;2;255;244;75m▄[48;2;175;49;0m[38;2;254;244;75m▄[48;2;181;70;2m[38;2;181;54;0m▄[48;2;255;251;81m[38;2;255;251;82m▄[48;2;169;46;0m[38;2;255;250;81m▄[48;2;255;250;81m[38;2;255;251;82m▄[48;2;212;121;10m[38;2;212;133;25m▄[48;2;255;241;65m[38;2;255;232;51m▄[48;2;255;250;82m[38;2;255;246;77m▄[48;2;255;246;77m[38;2;172;48;0m▄[48;2;255;239;68m[38;2;167;45;0m▄[48;2;173;47;0m[38;2;163;42;0m▄[48;2;255;233;65m[38;2;255;234;68m▄[48;2;173;48;0m[38;2;177;51;0m▄[48;2;153;38;0m[38;2;154;38;0m▄[48;2;0;0;0m[38;2;0;0;0m▄[48;2;180;49;0m[38;2;255;229;57m▄[48;2;169;47;0m[38;2;255;231;64m▄[48;2;159;41;0m[38;2;162;43;0m▄[48;2;0;0;0m[38;2;0;0;0m▄▄[38;2;255;229;60m▄[38;2;249;190;22m▄[38;2;156;40;0m▄[38;2;186;63;0m▄[38;2;168;45;0m▄[38;2;164;44;0m▄[38;2;168;47;0m▄[38;2;164;43;0m▄[38;2;157;41;0m▄[38;2;0;0;0m▄▄▄▄▄▄▄▄▄[0m
[48;2;0;0;0m[38;2;0;0;0m▄▄▄▄▄▄▄▄▄▄▄[48;2;255;211;43m[38;2;255;205;29m▄[48;2;178;51;0m[38;2;255;210;40m▄[48;2;255;236;68m[38;2;240;172;21m▄[48;2;179;51;0m[38;2;0;0;0m▄[48;2;255;250;81m[38;2;255;236;67m▄[48;2;169;46;0m[38;2;169;45;0m▄[48;2;255;249;80m[38;2;255;238;70m▄[48;2;215;139;33m[38;2;248;179;33m▄[48;2;255;232;56m[38;2;255;219;50m▄[48;2;255;238;70m[38;2;255;221;54m▄[48;2;255;232;64m[38;2;170;46;0m▄[48;2;255;227;54m[38;2;164;44;0m▄[48;2;170;46;0m[38;2;163;43;0m▄[48;2;255;226;61m[38;2;255;215;49m▄[48;2;177;51;0m[38;2;177;51;0m▄[48;2;154;38;0m[38;2;157;40;0m▄[48;2;0;0;0m[38;2;0;0;0m▄[48;2;255;224;52m[38;2;255;215;43m▄[48;2;255;227;59m[38;2;255;219;49m▄[48;2;162;43;0m[38;2;162;42;0m▄[48;2;0;0;0m[38;2;0;0;0m▄▄[48;2;255;232;66m[38;2;255;224;59m▄[48;2;247;164;16m[38;2;205;82;0m▄[48;2;159;41;0m[38;2;157;40;0m▄[48;2;255;220;50m[38;2;255;221;48m▄[48;2;255;233;66m[38;2;255;228;61m▄[48;2;168;46;0m[38;2;166;45;0m▄[48;2;255;226;54m[38;2;0;0;0m▄[48;2;255;229;59m[38;2;255;230;64m▄[48;2;167;45;0m[38;2;184;62;1m▄[48;2;255;191;15m[38;2;255;228;60m▄[48;2;255;227;55m[38;2;255;230;62m▄[48;2;221;142;8m[38;2;164;42;0m▄[48;2;0;0;0m[38;2;0;0;0m▄▄▄▄▄▄[0m
[48;2;0;0;0m[38;2;0;0;0m▄▄▄▄▄▄▄▄▄▄▄▄▄▄▄▄▄▄[48;2;255;206;32m▄[48;2;255;207;36m▄[48;2;255;209;41m▄[48;2;255;204;37m▄[48;2;255;200;33m▄[48;2;179;51;0m▄[48;2;255;199;36m[38;2;255;194;22m▄[48;2;255;196;30m[38;2;255;193;24m▄[48;2;254;194;27m[38;2;255;193;25m▄[48;2;174;54;1m[38;2;245;173;17m▄[48;2;255;201;37m[38;2;255;191;24m▄[48;2;255;206;39m[38;2;255;194;30m▄[48;2;167;44;0m[38;2;255;194;29m▄[48;2;162;42;0m[38;2;255;194;27m▄[48;2;170;34;0m[38;2;172;48;0m▄[48;2;255;214;49m[38;2;255;201;34m▄[48;2;179;53;0m[38;2;254;196;29m▄[48;2;157;40;0m[38;2;169;46;0m▄[48;2;255;212;42m[38;2;255;204;37m▄[48;2;255;217;51m[38;2;255;206;39m▄[48;2;165;43;0m[38;2;164;43;0m▄[48;2;0;0;0m[38;2;0;0;0m▄[48;2;255;217;43m[38;2;255;209;41m▄[48;2;255;224;59m[38;2;255;216;51m▄[48;2;255;225;59m[38;2;255;213;44m▄[48;2;164;44;0m[38;2;167;45;0m▄[48;2;0;0;0m[38;2;0;0;0m▄▄▄▄▄▄▄[0m
[48;2;0;0;0m[38;2;0;0;0m▄▄▄▄▄▄▄▄▄▄▄▄▄▄▄▄▄▄▄▄▄▄▄▄▄▄▄▄▄▄[48;2;255;191;21m▄[48;2;255;191;19m▄[48;2;175;49;0m▄[48;2;255;198;9m▄[48;2;255;192;25m▄[48;2;255;192;27m▄[48;2;255;194;29m▄[48;2;230;151;15m▄[48;2;0;0;0m[38;2;255;186;7m▄[48;2;255;194;23m[38;2;255;192;21m▄[48;2;255;201;36m[38;2;252;186;16m▄[48;2;168;46;0m[38;2;0;0;0m▄[48;2;255;204;40m[38;2;255;193;21m▄[48;2;231;152;17m[38;2;255;193;26m▄[48;2;159;41;0m[38;2;170;46;0m▄[48;2;0;0;0m[38;2;0;0;0m▄▄▄▄▄▄[0m
[48;2;0;0;0m[38;2;0;0;0m▄▄▄▄▄▄▄▄▄▄▄▄▄▄▄▄▄▄▄▄▄▄▄▄▄▄▄▄▄▄▄▄▄▄▄▄▄▄▄▄▄▄▄▄[48;2;255;190;6m▄[48;2;0;0;0m▄▄▄▄▄▄[0m
[48;2;0;0;0m[38;2;0;0;0m▄▄▄▄▄▄▄▄▄▄▄▄▄▄▄▄▄▄▄▄▄▄▄▄▄▄▄▄▄▄▄▄▄▄▄▄▄▄▄▄▄▄▄▄▄▄▄▄▄▄▄[0m
[48;2;0;0;0m[38;2;0;0;0m▄▄▄▄▄▄▄▄▄▄▄▄▄▄▄▄▄▄▄▄▄▄▄▄▄▄▄▄▄▄▄▄▄▄▄▄▄▄▄▄▄▄▄▄▄▄▄▄▄▄▄[0m
[48;2;0;0;0m[38;2;0;0;0m▄▄▄▄▄▄▄▄▄▄▄▄▄▄▄▄▄▄▄▄▄▄▄▄▄▄▄▄▄▄▄▄▄▄▄▄▄▄▄▄▄▄▄▄▄▄▄▄▄▄▄[0m
[48;2;0;0;0m[38;2;0;0;0m▄▄▄▄▄▄▄▄▄▄▄▄▄▄▄▄▄▄▄▄▄▄▄▄▄▄▄▄▄▄▄▄▄▄▄▄▄▄▄▄▄▄▄▄▄▄▄▄▄▄▄[0m
