[48;2;0;0;0m[38;2;0;0;0m▄▄▄▄▄▄▄▄▄▄▄▄▄▄▄▄▄▄▄▄▄▄▄▄▄▄▄▄▄▄▄▄▄▄▄▄▄▄▄▄▄▄▄▄▄▄▄▄▄▄▄[0m
[48;2;0;0;0m[38;2;0;0;0m▄▄▄▄▄▄▄▄▄▄▄▄▄▄▄▄▄▄▄▄▄▄▄▄▄▄▄▄▄▄▄▄▄▄▄▄▄▄▄▄▄▄▄▄▄▄▄▄▄▄▄[0m
[48;2;0;0;0m[38;2;0;0;0m▄▄▄▄▄▄▄▄▄▄▄▄▄▄▄▄▄▄▄▄▄▄▄▄▄▄▄▄▄▄▄▄▄▄▄▄▄▄▄▄▄▄▄▄▄▄▄▄▄▄▄[0m
[48;2;0;0;0m[38;2;0;0;0m▄▄▄▄▄▄▄▄▄▄▄▄▄▄▄▄▄▄▄▄▄▄▄▄▄▄▄▄▄▄▄▄▄▄▄▄▄▄▄▄▄▄▄▄▄▄▄▄▄▄▄[0m
[48;2;0;0;0m[38;2;0;0;0m▄▄▄▄▄▄▄▄▄▄▄▄▄▄▄▄▄▄▄▄▄▄▄▄▄▄▄▄▄▄▄▄▄▄▄▄▄▄▄▄▄▄▄▄▄▄▄▄▄▄▄[0m
[48;2;0;0;0m[38;2;0;0;0m▄▄▄▄▄▄▄▄▄▄▄▄[48;2;255;202;10m[38;2;255;249;78m▄[48;2;150;40;0m[38;2;231;186;44m▄[48;2;140;33;0m[38;2;242;199;38m▄[48;2;129;29;0m[38;2;255;243;68m▄[48;2;0;0;0m[38;2;253;170;12m▄[48;2;85;0;0m[38;2;141;34;0m▄[48;2;0;0;0m[38;2;255;241;64m▄[38;2;144;35;0m▄[38;2;138;33;0m▄[38;2;139;33;0m▄[38;2;137;33;0m▄[38;2;135;32;0m▄[38;2;133;25;0m▄[38;2;0;0;0m▄▄▄▄▄▄▄▄▄▄▄▄▄▄▄▄▄▄▄▄▄▄▄▄▄▄[0m
[48;2;0;0;0m[38;2;0;0;0m▄▄▄▄▄▄▄▄▄▄▄▄[48;2;255;248;77m[38;2;159;45;0m▄[38;2;241;178;22m▄[48;2;150;38;0m[38;2;255;248;79m▄[48;2;255;226;44m[38;2;255;182;13m▄[48;2;255;212;30m[38;2;255;251;82m▄[48;2;148;39;0m[38;2;255;250;81m▄[48;2;255;249;79m[38;2;255;248;78m▄[48;2;153;40;0m[38;2;152;40;0m▄[48;2;255;242;75m[38;2;255;237;70m▄[48;2;255;237;67m[38;2;150;38;0m▄[48;2;255;235;69m[38;2;141;34;0m▄[48;2;151;39;0m[38;2;140;33;0m▄[48;2;255;230;60m[38;2;255;231;64m▄[48;2;149;38;0m[38;2;153;41;0m▄[48;2;128;28;0m[38;2;129;28;0m▄[48;2;0;0;0m[38;2;0;0;0m▄[48;2;143;31;0m[38;2;255;231;64m▄[48;2;141;34;0m[38;2;250;162;18m▄[48;2;128;28;0m[38;2;132;30;0m▄[48;2;0;0;0m[38;2;0;0;0m▄[38;2;255;205;19m▄[38;2;240;193;36m▄[38;2;139;32;0m▄[38;2;123;24;0m▄[38;2;148;39;0m▄[38;2;136;31;0m▄[38;2;129;29;0m▄[38;2;0;0;0m▄▄▄▄▄▄▄▄▄▄▄▄[0m
[48;2;0;0;0m[38;2;0;0;0m▄▄▄▄▄▄▄▄▄▄▄▄[48;2;255;222;52m▄[48;2;216;151;30m[38;2;255;201;31m▄[48;2;255;242;73m[38;2;0;0;0m▄[48;2;213;105;4m[38;2;255;214;28m▄[48;2;255;244;72m[38;2;255;228;57m▄[48;2;140;33;0m[38;2;140;33;0m▄[48;2;255;237;69m[38;2;255;221;56m▄[48;2;153;40;0m[38;2;152;40;0m▄[48;2;255;227;61m[38;2;255;212;46m▄[48;2;255;224;55m[38;2;150;38;0m▄[48;2;255;221;50m[38;2;138;33;0m▄[48;2;148;37;0m[38;2;136;31;0m▄[48;2;255;224;56m[38;2;255;211;45m▄[48;2;153;41;0m[38;2;153;41;0m▄[48;2;129;28;0m[38;2;130;29;0m▄[48;2;0;0;0m[38;2;0;0;0m▄[48;2;255;226;60m[38;2;255;218;51m▄[48;2;231;133;12m[38;2;194;93;9m▄[48;2;132;30;0m[38;2;131;29;0m▄[48;2;0;0;0m[38;2;0;0;0m▄[48;2;255;220;39m[38;2;255;216;42m▄[48;2;255;232;67m[38;2;255;226;58m▄[48;2;143;34;0m[38;2;142;34;0m▄[48;2;127;0;0m[38;2;127;0;0m▄[48;2;255;233;66m[38;2;255;230;64m▄[48;2;157;45;0m[38;2;148;37;0m▄[48;2;254;207;27m[38;2;130;29;0m▄[48;2;255;226;54m[38;2;255;231;64m▄[48;2;144;35;0m[38;2;236;172;18m▄[48;2;127;28;0m[38;2;245;185;17m▄[48;2;146;36;0m[38;2;255;233;67m▄[48;2;137;33;0m[38;2;232;170;17m▄[48;2;131;29;0m[38;2;127;29;0m▄[48;2;0;0;0m[38;2;0;0;0m▄▄▄▄▄▄[0m
[48;2;0;0;0m[38;2;0;0;0m▄▄▄▄▄▄▄▄▄▄▄▄▄▄▄▄▄▄▄▄[48;2;255;199;30m▄[48;2;255;196;29m▄[48;2;255;195;28m▄[48;2;150;38;0m▄[48;2;255;198;33m[38;2;255;195;16m▄[48;2;255;195;29m[38;2;255;192;23m▄[48;2;177;77;5m[38;2;255;192;25m▄[48;2;144;35;0m[38;2;152;38;0m▄[48;2;255;205;40m[38;2;255;195;28m▄[48;2;177;75;7m[38;2;255;195;30m▄[48;2;135;31;0m[38;2;255;194;28m▄[48;2;136;17;0m[38;2;253;191;23m▄[48;2;255;211;41m[38;2;187;99;12m▄[48;2;255;216;48m[38;2;255;204;38m▄[48;2;142;34;0m[38;2;148;37;0m▄[48;2;0;0;0m[38;2;134;31;0m▄[48;2;255;222;56m[38;2;255;212;47m▄[48;2;147;36;0m[38;2;146;36;0m▄[48;2;129;28;0m[38;2;128;27;0m▄[48;2;255;215;34m[38;2;255;201;23m▄[48;2;255;225;57m[38;2;255;220;55m▄[48;2;255;226;59m[38;2;255;220;53m▄[48;2;255;222;51m[38;2;145;36;0m▄[48;2;134;30;0m[38;2;126;26;0m▄[48;2;0;0;0m[38;2;0;0;0m▄▄▄▄▄▄▄[0m
[48;2;0;0;0m[38;2;0;0;0m▄▄▄▄▄▄▄▄▄▄▄▄▄▄▄▄▄▄▄▄▄▄▄▄▄▄▄▄▄[48;2;255;191;21m▄[48;2;255;192;21m▄[48;2;255;191;19m▄[48;2;144;34;0m▄[48;2;255;194;24m▄[48;2;255;193;28m[38;2;255;170;0m▄[48;2;255;195;30m[38;2;255;188;18m▄[48;2;255;199;32m[38;2;0;0;0m▄[48;2;142;35;0m▄[48;2;0;0;0m[38;2;255;192;18m▄[48;2;255;203;37m[38;2;255;194;28m▄[48;2;255;206;39m[38;2;142;34;0m▄[48;2;255;209;44m[38;2;255;198;27m▄[48;2;170;68;5m[38;2;255;197;30m▄[48;2;133;29;0m[38;2;144;35;0m▄[48;2;0;0;0m[38;2;126;27;0m▄[38;2;0;0;0m▄▄▄▄▄▄[0m
[48;2;0;0;0m[38;2;0;0;0m▄▄▄▄▄▄▄▄▄▄▄▄▄▄▄▄▄▄▄▄▄▄▄▄▄▄▄▄▄▄▄▄▄▄▄▄▄▄▄▄▄▄[48;2;255;192;22m▄[48;2;189;95;4m▄[48;2;133;30;0m▄[48;2;0;0;0m▄▄▄▄▄▄[0m
[48;2;0;0;0m[38;2;0;0;0m▄▄▄▄▄▄▄▄▄▄▄▄▄▄▄▄▄▄▄▄▄▄▄▄▄▄▄▄▄▄▄▄▄▄▄▄▄▄▄▄▄▄▄▄▄▄▄▄▄▄▄[0m
[48;2;0;0;0m[38;2;0;0;0m▄▄▄▄▄▄▄▄▄▄▄▄▄▄▄▄▄▄▄▄▄▄▄▄▄▄▄▄▄▄▄▄▄▄▄▄▄▄▄▄▄▄▄▄▄▄▄▄▄▄▄[0m
[48;2;0;0;0m[38;2;0;0;0m▄▄▄▄▄▄▄▄▄▄▄▄▄▄▄▄▄▄▄▄▄▄▄▄▄▄▄▄▄▄▄▄▄▄▄▄▄▄▄▄▄▄▄▄▄▄▄▄▄▄▄[0m
[48;2;0;0;0m[38;2;0;0;0m▄▄▄▄▄▄▄▄▄▄▄▄▄▄▄▄▄▄▄▄▄▄▄▄▄▄▄▄▄▄▄▄▄▄▄▄▄▄▄▄▄▄▄▄▄▄▄▄▄▄▄[0m
