[48;2;0;0;0m[38;2;0;0;0m▄▄▄▄▄▄▄▄▄▄▄▄▄▄▄▄▄▄▄▄▄▄▄▄▄▄▄▄▄▄▄▄▄▄▄▄▄▄▄▄▄▄▄▄▄▄▄▄▄▄▄[0m
[48;2;0;0;0m[38;2;0;0;0m▄▄▄▄▄▄▄▄▄▄▄▄▄▄▄▄▄▄▄▄▄▄▄▄▄▄▄▄▄▄▄▄▄▄▄▄▄▄▄▄▄▄▄▄▄▄▄▄▄▄▄[0m
[48;2;0;0;0m[38;2;0;0;0m▄▄▄▄▄▄▄▄▄▄▄▄▄▄▄▄▄▄▄▄▄▄▄▄▄▄▄▄▄▄▄▄▄▄▄▄▄▄▄▄▄▄▄▄▄▄▄▄▄▄▄[0m
[48;2;0;0;0m[38;2;0;0;0m▄▄▄▄▄▄▄▄▄▄▄▄▄▄▄▄▄▄▄▄▄▄▄▄▄▄▄▄▄▄▄▄▄▄▄▄▄▄▄▄▄▄▄▄▄▄▄▄▄▄▄[0m
[48;2;0;0;0m[38;2;0;0;0m▄▄▄▄▄▄▄▄▄▄▄▄▄▄▄▄▄▄▄▄▄▄▄▄▄▄▄▄▄▄▄▄▄▄▄▄▄▄▄▄▄▄▄▄▄▄▄▄▄▄▄[0m
[48;2;0;0;0m[38;2;0;0;0m▄▄▄▄▄▄▄▄▄▄▄[38;2;255;248;79m▄[48;2;174;48;0m[38;2;254;236;62m▄[48;2;164;43;0m[38;2;254;238;66m▄[48;2;155;38;0m[38;2;170;46;0m▄[48;2;0;0;0m[38;2;255;249;78m▄[38;2;167;45;0m▄[38;2;255;232;53m▄[38;2;202;114;12m▄[38;2;162;42;0m▄[38;2;168;46;0m▄[38;2;163;44;0m▄[38;2;162;43;0m▄[38;2;161;40;0m▄[38;2;0;0;0m▄▄▄▄▄▄▄▄▄▄▄▄▄▄▄▄▄▄▄▄▄▄▄▄▄▄▄[0m
[48;2;0;0;0m[38;2;0;0;0m▄▄▄▄▄▄▄▄▄▄▄[48;2;255;243;74m▄[48;2;253;212;35m[38;2;255;239;68m▄[48;2;182;56;0m[38;2;255;248;79m▄[48;2;167;46;0m[38;2;174;48;0m▄[48;2;255;249;79m[38;2;255;251;83m▄[48;2;171;47;0m[38;2;255;250;81m▄[48;2;255;245;72m[38;2;255;251;82m▄[48;2;255;238;56m[38;2;255;234;53m▄[48;2;226;154;34m[38;2;211;138;31m▄[48;2;255;250;81m[38;2;255;246;78m▄[48;2;255;244;76m[38;2;171;47;0m▄[48;2;255;238;65m[38;2;165;44;0m▄[48;2;172;47;0m[38;2;162;42;0m▄[48;2;255;232;64m[38;2;255;233;67m▄[48;2;172;48;0m[38;2;176;50;0m▄[48;2;153;38;0m[38;2;153;38;0m▄[48;2;0;0;0m[38;2;0;0;0m▄[48;2;172;49;0m[38;2;255;229;60m▄[48;2;167;45;0m[38;2;255;232;63m▄[48;2;156;40;0m[38;2;160;41;0m▄[48;2;0;0;0m[38;2;0;0;0m▄▄[38;2;255;228;59m▄[38;2;169;45;0m▄[38;2;155;39;0m▄[38;2;179;53;0m▄[38;2;165;44;0m▄[38;2;160;42;0m▄[38;2;166;46;0m▄[38;2;162;42;0m▄[38;2;0;0;0m▄▄▄▄▄▄▄▄▄▄[0m
[48;2;0;0;0m[38;2;0;0;0m▄▄▄▄▄▄▄▄▄▄▄[48;2;255;213;43m▄[48;2;176;50;0m[38;2;255;209;36m▄[48;2;255;237;70m[38;2;246;190;29m▄[48;2;177;50;0m[38;2;0;0;0m▄[48;2;255;250;82m[38;2;255;238;68m▄[48;2;171;47;0m[38;2;171;46;0m▄[48;2;255;237;65m[38;2;255;224;54m▄[48;2;255;235;56m[38;2;255;232;62m▄[48;2;210;131;24m[38;2;210;125;20m▄[48;2;255;237;69m[38;2;255;221;52m▄[48;2;255;231;63m[38;2;169;46;0m▄[48;2;255;225;51m[38;2;162;43;0m▄[48;2;169;45;0m[38;2;160;42;0m▄[48;2;255;225;60m[38;2;255;214;48m▄[48;2;176;51;0m[38;2;176;51;0m▄[48;2;151;38;0m[38;2;154;38;0m▄[48;2;0;0;0m[38;2;0;0;0m▄[48;2;255;225;57m[38;2;255;216;49m▄[48;2;255;225;58m[38;2;255;216;48m▄[48;2;159;41;0m[38;2;159;41;0m▄[48;2;0;0;0m[38;2;0;0;0m▄▄[48;2;255;232;66m[38;2;255;225;59m▄[48;2;172;46;0m[38;2;170;46;0m▄[48;2;155;39;0m[38;2;155;39;0m▄[48;2;255;229;62m[38;2;255;223;56m▄[48;2;255;232;63m[38;2;255;228;60m▄[48;2;164;44;0m[38;2;163;42;0m▄[48;2;255;228;56m[38;2;255;210;24m▄[48;2;254;225;54m[38;2;255;230;64m▄[48;2;162;42;0m[38;2;175;50;0m▄[48;2;255;199;16m[38;2;255;230;62m▄[48;2;222;155;28m[38;2;255;229;60m▄[48;2;165;45;0m[38;2;161;42;0m▄[48;2;0;0;0m[38;2;0;0;0m▄▄▄▄▄▄[0m
[48;2;0;0;0m[38;2;0;0;0m▄▄▄▄▄▄▄▄▄▄▄▄▄▄▄▄▄▄[48;2;255;215;39m▄[48;2;255;206;32m▄[48;2;255;206;39m▄[48;2;255;202;35m▄[48;2;255;199;32m▄[48;2;175;49;0m▄[48;2;255;199;35m[38;2;255;192;20m▄[48;2;255;196;30m[38;2;255;193;23m▄[48;2;252;190;26m[38;2;255;193;25m▄[48;2;168;47;0m[38;2;245;172;16m▄[48;2;255;203;39m[38;2;255;194;27m▄[48;2;255;204;38m[38;2;255;194;30m▄[48;2;164;43;0m[38;2;255;194;29m▄[48;2;158;40;0m[38;2;255;193;27m▄[48;2;153;25;0m[38;2;170;47;0m▄[48;2;255;214;49m[38;2;255;202;36m▄[48;2;171;47;0m[38;2;240;168;22m▄[48;2;153;39;0m[38;2;164;44;0m▄[48;2;255;215;45m[38;2;255;205;38m▄[48;2;255;218;50m[38;2;255;207;39m▄[48;2;161;41;0m[38;2;161;42;0m▄[48;2;0;0;0m[38;2;0;0;0m▄[48;2;255;221;51m[38;2;255;211;43m▄[48;2;255;225;58m[38;2;255;217;52m▄[48;2;255;225;59m[38;2;255;212;40m▄[48;2;162;43;0m[38;2;162;42;0m▄[48;2;0;0;0m[38;2;0;0;0m▄▄▄▄▄▄▄[0m
[48;2;0;0;0m[38;2;0;0;0m▄▄▄▄▄▄▄▄▄▄▄▄▄▄▄▄▄▄▄▄▄▄▄▄▄▄▄▄▄▄[48;2;255;188;18m▄[48;2;255;191;19m▄[48;2;172;46;0m▄[48;2;255;194;17m▄[48;2;255;192;26m▄[48;2;255;192;28m▄[48;2;255;195;30m▄[48;2;207;112;9m▄[48;2;0;0;0m[38;2;255;190;7m▄[48;2;255;196;26m[38;2;255;192;23m▄[48;2;255;202;37m[38;2;227;144;12m▄[48;2;201;107;10m[38;2;0;0;0m▄[48;2;255;205;41m[38;2;255;195;26m▄[48;2;173;48;0m[38;2;255;193;24m▄[48;2;154;39;0m[38;2;164;43;0m▄[48;2;0;0;0m[38;2;0;0;0m▄▄▄▄▄▄[0m
[48;2;0;0;0m[38;2;0;0;0m▄▄▄▄▄▄▄▄▄▄▄▄▄▄▄▄▄▄▄▄▄▄▄▄▄▄▄▄▄▄▄▄▄▄▄▄▄▄▄▄▄▄▄[48;2;255;193;15m▄[48;2;174;50;0m▄[48;2;0;0;0m▄▄▄▄▄▄[0m
[48;2;0;0;0m[38;2;0;0;0m▄▄▄▄▄▄▄▄▄▄▄▄▄▄▄▄▄▄▄▄▄▄▄▄▄▄▄▄▄▄▄▄▄▄▄▄▄▄▄▄▄▄▄▄▄▄▄▄▄▄▄[0m
[48;2;0;0;0m[38;2;0;0;0m▄▄▄▄▄▄▄▄▄▄▄▄▄▄▄▄▄▄▄▄▄▄▄▄▄▄▄▄▄▄▄▄▄▄▄▄▄▄▄▄▄▄▄▄▄▄▄▄▄▄▄[0m
[48;2;0;0;0m[38;2;0;0;0m▄▄▄▄▄▄▄▄▄▄▄▄▄▄▄▄▄▄▄▄▄▄▄▄▄▄▄▄▄▄▄▄▄▄▄▄▄▄▄▄▄▄▄▄▄▄▄▄▄▄▄[0m
[48;2;0;0;0m[38;2;0;0;0m▄▄▄▄▄▄▄▄▄▄▄▄▄▄▄▄▄▄▄▄▄▄▄▄▄▄▄▄▄▄▄▄▄▄▄▄▄▄▄▄▄▄▄▄▄▄▄▄▄▄▄[0m
