[48;2;0;0;0m[38;2;0;0;0m▄▄▄▄▄▄▄▄▄▄▄▄▄▄▄▄▄▄▄▄▄▄▄▄▄▄▄▄▄▄▄▄▄▄▄▄▄▄▄▄▄▄▄▄▄▄▄▄▄▄▄[0m
[48;2;0;0;0m[38;2;0;0;0m▄▄▄▄▄▄▄▄▄▄▄▄▄▄▄▄▄▄▄▄▄▄▄▄▄▄▄▄▄▄▄▄▄▄▄▄▄▄▄▄▄▄▄▄▄▄▄▄▄▄▄[0m
[48;2;0;0;0m[38;2;0;0;0m▄▄▄▄▄▄▄▄▄▄▄▄▄▄▄▄▄▄▄▄▄▄▄▄▄▄▄▄▄▄▄▄▄▄▄▄▄▄▄▄▄▄▄▄▄▄▄▄▄▄▄[0m
[48;2;0;0;0m[38;2;0;0;0m▄▄▄▄▄▄▄▄▄▄▄▄▄▄▄▄▄▄▄▄▄▄▄▄▄▄▄▄▄▄▄▄▄▄▄▄▄▄▄▄▄▄▄▄▄▄▄▄▄▄▄[0m
[48;2;0;0;0m[38;2;0;0;0m▄▄▄▄▄▄▄▄▄▄▄▄▄▄▄▄▄▄▄▄▄▄▄▄▄▄▄▄▄▄▄▄▄▄▄▄▄▄▄▄▄▄▄▄▄▄▄▄▄▄▄[0m
[48;2;0;0;0m[38;2;0;0;0m▄▄▄▄▄▄▄▄▄▄▄▄▄▄▄▄▄▄▄▄▄▄▄▄▄▄▄▄▄▄▄▄▄[38;2;173;51;0m▄[38;2;0;0;0m▄▄[38;2;176;49;0m▄[38;2;180;51;0m▄[38;2;178;50;0m▄[38;2;186;54;0m▄[38;2;0;0;0m▄[38;2;174;47;0m▄[38;2;183;52;0m▄[38;2;191;58;0m▄[38;2;0;0;0m▄▄▄▄▄▄▄[0m
[48;2;0;0;0m[38;2;0;0;0m▄▄▄▄▄▄[38;2;254;220;44m▄[48;2;182;53;0m[38;2;255;231;62m▄[48;2;183;52;0m▄[48;2;181;52;0m[38;2;255;230;62m▄[48;2;0;0;0m[38;2;183;53;0m▄[48;2;183;54;0m[38;2;0;0;0m▄[48;2;181;52;0m[38;2;255;234;67m▄[48;2;0;0;0m[38;2;223;95;0m▄[38;2;0;0;0m▄[48;2;184;56;0m[38;2;255;231;62m▄[48;2;186;61;0m[38;2;255;232;65m▄[48;2;0;0;0m[38;2;0;0;0m▄[48;2;192;73;3m[38;2;255;233;66m▄[48;2;198;80;6m[38;2;255;236;68m▄[48;2;237;133;10m[38;2;255;234;59m▄[48;2;254;192;24m[38;2;255;241;72m▄[48;2;255;185;9m[38;2;255;203;18m▄[48;2;183;54;0m[38;2;184;53;0m▄[48;2;255;242;69m[38;2;255;252;84m▄[48;2;0;0;0m[38;2;0;0;0m▄▄▄[48;2;184;53;0m[38;2;185;54;0m▄[48;2;255;249;78m[38;2;255;251;82m▄[48;2;0;0;0m[38;2;0;0;0m▄▄▄[48;2;255;213;28m[38;2;255;238;59m▄[48;2;255;250;78m[38;2;255;250;82m▄[48;2;0;0;0m[38;2;0;0;0m▄[48;2;183;52;0m[38;2;186;55;0m▄[48;2;255;239;68m[38;2;255;236;71m▄[48;2;0;0;0m[38;2;0;0;0m▄[48;2;254;213;36m[38;2;180;51;0m▄[48;2;255;231;63m[38;2;255;228;60m▄[48;2;185;53;0m[38;2;254;220;51m▄[48;2;255;230;62m[38;2;255;225;57m▄[48;2;255;215;35m[38;2;0;0;0m▄[48;2;0;0;0m▄▄▄▄▄▄▄[0m
[48;2;0;0;0m[38;2;0;0;0m▄▄▄▄▄▄[48;2;255;229;63m[38;2;255;209;27m▄[48;2;246;192;33m[38;2;255;220;52m▄[48;2;184;54;0m[38;2;255;220;53m▄[48;2;212;114;13m[38;2;255;216;47m▄[48;2;255;170;0m[38;2;189;66;1m▄[48;2;0;0;0m[38;2;0;0;0m▄[48;2;255;229;63m[38;2;255;220;55m▄[48;2;181;51;0m[38;2;255;218;50m▄[48;2;183;52;0m[38;2;255;218;48m▄[48;2;255;226;58m[38;2;255;219;52m▄[48;2;255;227;60m[38;2;255;217;51m▄[48;2;0;0;0m[38;2;0;0;0m▄[48;2;255;228;60m[38;2;255;216;49m▄[48;2;255;227;61m[38;2;255;220;53m▄[48;2;227;154;28m[38;2;255;216;45m▄[48;2;227;158;29m[38;2;255;222;48m▄[48;2;238;136;0m[38;2;255;204;25m▄[48;2;184;52;0m[38;2;184;52;0m▄[48;2;255;250;83m[38;2;255;242;75m▄[48;2;0;0;0m[38;2;0;0;0m▄▄▄[48;2;186;55;0m[38;2;187;56;0m▄[48;2;255;251;82m[38;2;255;251;83m▄[48;2;0;0;0m[38;2;183;54;0m▄[38;2;180;49;0m▄[38;2;0;0;0m▄[48;2;255;243;71m[38;2;255;225;54m▄[48;2;255;242;72m[38;2;255;229;61m▄[48;2;0;0;0m[38;2;179;50;0m▄[48;2;184;53;0m[38;2;200;81;4m▄[48;2;255;227;61m[38;2;255;213;47m▄[48;2;0;0;0m[38;2;175;48;0m▄[48;2;179;49;0m[38;2;188;55;0m▄[48;2;255;211;40m[38;2;255;205;40m▄[48;2;255;219;54m[38;2;230;150;19m▄[48;2;255;207;32m[38;2;255;202;38m▄[48;2;0;0;0m[38;2;0;0;0m▄▄▄▄▄▄▄▄[0m
[48;2;0;0;0m[38;2;0;0;0m▄▄▄▄▄▄[48;2;187;61;1m[38;2;255;196;26m▄[48;2;185;54;0m[38;2;255;194;28m▄[48;2;0;0;0m[38;2;255;191;23m▄[48;2;255;207;40m[38;2;255;195;29m▄[48;2;255;205;37m[38;2;255;196;21m▄[48;2;0;0;0m[38;2;0;0;0m▄[48;2;255;206;43m[38;2;255;194;29m▄[48;2;255;197;28m[38;2;253;188;22m▄[48;2;0;0;0m[38;2;0;0;0m▄[48;2;255;200;33m[38;2;255;186;21m▄[48;2;255;205;40m[38;2;255;194;26m▄[48;2;0;0;0m[38;2;0;0;0m▄[48;2;255;202;37m[38;2;255;190;22m▄[48;2;255;204;38m[38;2;255;194;28m▄[48;2;186;60;1m[38;2;255;198;30m▄[48;2;189;63;2m[38;2;255;201;32m▄[48;2;204;82;2m[38;2;255;194;23m▄[48;2;183;52;0m[38;2;186;53;0m▄[48;2;255;227;62m[38;2;255;213;41m▄[48;2;255;224;56m[38;2;255;215;42m▄[48;2;255;232;64m[38;2;255;222;50m▄[48;2;255;230;59m[38;2;255;213;35m▄[48;2;187;57;0m[38;2;215;107;3m▄[48;2;255;243;76m[38;2;255;222;43m▄[48;2;255;236;66m▄[48;2;255;231;63m[38;2;255;214;26m▄[48;2;255;217;45m[38;2;0;0;0m▄[48;2;200;69;0m▄[48;2;255;213;46m▄[48;2;255;206;39m▄[48;2;255;202;36m▄[48;2;255;200;23m▄[48;2;183;52;0m▄[48;2;255;192;24m▄[48;2;255;194;21m▄[48;2;0;0;0m▄[48;2;255;191;23m▄[48;2;255;190;15m▄[48;2;0;0;0m▄▄▄▄▄▄▄[0m
[48;2;0;0;0m[38;2;0;0;0m▄▄▄▄▄▄▄[48;2;255;188;18m▄▄[48;2;0;0;0m▄▄▄▄▄▄▄▄▄▄▄▄▄▄▄▄▄▄▄▄▄▄▄▄▄▄▄▄▄▄▄▄▄▄▄▄▄▄▄▄▄▄[0m
[48;2;0;0;0m[38;2;0;0;0m▄▄▄▄▄▄▄▄▄▄▄▄▄▄▄▄▄▄▄▄▄▄▄▄▄▄▄▄▄▄▄▄▄▄▄▄▄▄▄▄▄▄▄▄▄▄▄▄▄▄▄[0m
[48;2;0;0;0m[38;2;0;0;0m▄▄▄▄▄▄▄▄▄▄▄▄▄▄▄▄▄▄▄▄▄▄▄▄▄▄▄▄▄▄▄▄▄▄▄▄▄▄▄▄▄▄▄▄▄▄▄▄▄▄▄[0m
[48;2;0;0;0m[38;2;0;0;0m▄▄▄▄▄▄▄▄▄▄▄▄▄▄▄▄▄▄▄▄▄▄▄▄▄▄▄▄▄▄▄▄▄▄▄▄▄▄▄▄▄▄▄▄▄▄▄▄▄▄▄[0m
[48;2;0;0;0m[38;2;0;0;0m▄▄▄▄▄▄▄▄▄▄▄▄▄▄▄▄▄▄▄▄▄▄▄▄▄▄▄▄▄▄▄▄▄▄▄▄▄▄▄▄▄▄▄▄▄▄▄▄▄▄▄[0m
[48;2;0;0;0m[38;2;0;0;0m▄▄▄▄▄▄▄▄▄▄▄▄▄▄▄▄▄▄▄▄▄▄▄▄▄▄▄▄▄▄▄▄▄▄▄▄▄▄▄▄▄▄▄▄▄▄▄▄▄▄▄[0m
