[48;2;0;0;0m[38;2;0;0;0m▄▄▄▄▄▄▄▄▄▄▄▄▄▄▄▄▄▄▄▄▄▄▄▄▄▄▄▄▄▄▄▄▄▄▄▄▄▄▄▄▄▄▄▄▄▄▄▄▄▄▄[0m
[48;2;0;0;0m[38;2;0;0;0m▄▄▄▄▄▄▄▄▄▄▄▄▄▄▄▄▄▄▄▄▄▄▄▄▄▄▄▄▄▄▄▄▄▄▄▄▄▄▄▄▄▄▄▄▄▄▄▄▄▄▄[0m
[48;2;0;0;0m[38;2;0;0;0m▄▄▄▄▄▄▄▄▄▄▄▄▄▄▄▄▄▄▄▄▄▄▄▄▄▄▄▄▄▄▄▄▄▄▄▄▄▄▄▄▄▄▄▄▄▄▄▄▄▄▄[0m
[48;2;0;0;0m[38;2;0;0;0m▄▄▄▄▄▄▄▄▄▄▄▄▄▄▄▄▄▄▄▄▄▄▄▄▄▄▄▄▄▄▄▄▄▄▄▄▄▄▄▄▄▄▄▄▄▄▄▄▄▄▄[0m
[48;2;0;0;0m[38;2;0;0;0m▄▄▄▄▄▄▄▄▄▄▄▄▄▄▄▄▄▄▄▄▄▄▄▄▄▄▄▄▄▄▄▄▄▄▄▄▄▄▄▄▄▄▄▄▄▄▄▄▄▄▄[0m
[48;2;0;0;0m[38;2;0;0;0m▄▄▄▄▄▄▄▄▄▄[38;2;255;236;64m▄[38;2;255;242;72m▄[38;2;195;79;3m▄[38;2;173;48;0m▄[38;2;254;233;55m▄[38;2;176;49;0m▄[38;2;162;46;0m▄[38;2;181;52;0m▄[38;2;172;47;0m▄[38;2;174;47;0m▄[38;2;173;47;0m▄▄[38;2;171;45;0m▄[38;2;166;44;0m▄[38;2;0;0;0m▄▄▄▄▄▄▄▄▄▄▄▄▄▄▄▄▄▄▄▄▄▄▄▄▄▄▄[0m
[48;2;0;0;0m[38;2;0;0;0m▄▄▄▄▄▄▄▄▄[48;2;255;219;38m▄[48;2;255;232;63m[38;2;255;225;53m▄[48;2;189;58;0m[38;2;255;232;65m▄[48;2;254;236;63m[38;2;253;215;46m▄[48;2;173;47;0m[38;2;177;48;0m▄[48;2;255;251;82m[38;2;255;251;83m▄[48;2;179;49;0m[38;2;255;249;79m▄[48;2;162;46;0m[38;2;254;245;74m▄[48;2;255;250;80m[38;2;255;251;81m▄[48;2;183;53;0m[38;2;182;52;0m▄[48;2;255;249;80m[38;2;255;250;81m▄[48;2;255;251;82m[38;2;184;52;0m▄[48;2;255;250;81m[38;2;175;50;0m▄[48;2;255;248;77m[38;2;174;48;0m▄[48;2;176;49;0m[38;2;173;45;0m▄[48;2;255;240;69m[38;2;255;240;72m▄[48;2;177;49;0m[38;2;180;51;0m▄[48;2;0;0;0m[38;2;0;0;0m▄▄[48;2;228;145;5m[38;2;255;215;33m▄[48;2;178;51;0m[38;2;255;232;65m▄[48;2;169;45;0m[38;2;172;47;0m▄[48;2;0;0;0m[38;2;0;0;0m▄▄[38;2;255;227;56m▄[48;2;172;41;0m[38;2;255;228;57m▄[48;2;156;39;0m[38;2;172;47;0m▄[48;2;0;0;0m[38;2;0;0;0m▄[38;2;254;225;56m▄[38;2;215;131;14m▄[38;2;192;73;0m▄[38;2;172;47;0m▄▄[38;2;0;0;0m▄▄[38;2;173;49;0m▄[38;2;170;45;0m▄[38;2;0;0;0m▄▄▄▄▄[0m
[48;2;0;0;0m[38;2;0;0;0m▄▄▄▄▄▄▄▄▄[48;2;255;204;23m▄[48;2;255;202;32m[38;2;255;198;28m▄[48;2;181;52;0m[38;2;255;200;32m▄[48;2;255;227;61m[38;2;255;209;39m▄[48;2;188;56;0m[38;2;181;52;0m▄[48;2;255;245;77m[38;2;255;230;63m▄[48;2;213;121;15m[38;2;183;53;0m▄[48;2;255;230;50m[38;2;164;41;0m▄[48;2;255;251;82m[38;2;255;247;79m▄[48;2;180;50;0m[38;2;179;49;0m▄[48;2;255;251;82m[38;2;255;244;77m▄[48;2;255;249;79m[38;2;192;61;0m▄[48;2;255;245;77m[38;2;172;47;0m▄[48;2;255;234;62m▄[48;2;172;47;0m[38;2;170;45;0m▄[48;2;255;233;67m[38;2;255;222;56m▄[48;2;180;51;0m[38;2;181;51;0m▄[48;2;0;0;0m[38;2;0;0;0m▄▄[48;2;255;217;37m[38;2;255;213;35m▄[48;2;255;227;60m[38;2;255;218;50m▄[48;2;174;47;0m[38;2;174;47;0m▄[48;2;0;0;0m[38;2;0;0;0m▄▄[48;2;255;225;55m[38;2;255;218;49m▄[48;2;255;228;61m[38;2;255;222;54m▄[48;2;172;46;0m[38;2;170;46;0m▄[48;2;0;0;0m[38;2;0;0;0m▄[48;2;255;232;66m[38;2;255;226;60m▄[48;2;220;145;25m[38;2;219;137;20m▄[48;2;0;0;0m[38;2;0;0;0m▄[48;2;255;231;64m[38;2;255;209;26m▄[48;2;254;212;36m[38;2;255;228;61m▄[48;2;171;47;0m[38;2;255;218;46m▄[48;2;255;230;62m[38;2;255;229;62m▄[48;2;255;228;57m[38;2;176;49;0m▄[48;2;0;0;0m[38;2;0;0;0m▄▄▄▄▄▄[0m
[48;2;0;0;0m[38;2;0;0;0m▄▄▄▄▄▄▄▄▄▄▄▄▄▄▄▄▄[48;2;255;232;62m▄[48;2;180;50;0m▄[48;2;255;226;58m▄[48;2;255;224;57m▄[48;2;255;217;49m▄[48;2;255;208;39m▄[48;2;181;51;0m▄[48;2;255;206;42m[38;2;255;198;24m▄[48;2;255;199;33m[38;2;255;195;26m▄[48;2;255;197;30m[38;2;255;194;26m▄[48;2;184;60;1m[38;2;255;191;21m▄[48;2;255;203;34m[38;2;255;191;20m▄[48;2;255;205;40m[38;2;255;194;29m▄[48;2;177;49;0m▄[48;2;173;47;0m▄[48;2;171;46;0m[38;2;224;129;10m▄[48;2;255;208;40m[38;2;255;199;22m▄[48;2;255;210;43m[38;2;255;199;34m▄[48;2;171;47;0m[38;2;234;151;16m▄[48;2;0;0;0m[38;2;253;193;27m▄[48;2;255;216;51m[38;2;255;203;39m▄[48;2;198;77;1m[38;2;178;50;0m▄[48;2;0;0;0m[38;2;0;0;0m▄[38;2;255;201;30m▄[48;2;255;219;52m[38;2;255;208;43m▄[48;2;255;221;57m[38;2;255;210;44m▄[48;2;204;107;11m[38;2;255;205;35m▄[48;2;0;0;0m[38;2;170;46;0m▄[38;2;0;0;0m▄▄▄▄▄▄[0m
[48;2;0;0;0m[38;2;0;0;0m▄▄▄▄▄▄▄▄▄▄▄▄▄▄▄▄▄▄▄▄▄▄▄▄▄▄▄▄▄▄▄▄[48;2;239;143;0m▄[48;2;0;0;0m▄[48;2;255;191;18m▄[48;2;255;191;23m▄[48;2;255;190;23m▄[48;2;255;190;18m▄[48;2;0;0;0m▄[48;2;255;189;15m▄[48;2;255;194;31m▄[48;2;217;124;10m▄[48;2;255;196;19m▄[48;2;255;198;34m[38;2;255;192;19m▄[48;2;179;51;0m[38;2;255;191;15m▄[48;2;0;0;0m[38;2;175;48;0m▄[38;2;0;0;0m▄▄▄▄▄[0m
[48;2;0;0;0m[38;2;0;0;0m▄▄▄▄▄▄▄▄▄▄▄▄▄▄▄▄▄▄▄▄▄▄▄▄▄▄▄▄▄▄▄▄▄▄▄▄▄▄▄▄▄▄▄▄▄▄▄▄▄▄▄[0m
[48;2;0;0;0m[38;2;0;0;0m▄▄▄▄▄▄▄▄▄▄▄▄▄▄▄▄▄▄▄▄▄▄▄▄▄▄▄▄▄▄▄▄▄▄▄▄▄▄▄▄▄▄▄▄▄▄▄▄▄▄▄[0m
[48;2;0;0;0m[38;2;0;0;0m▄▄▄▄▄▄▄▄▄▄▄▄▄▄▄▄▄▄▄▄▄▄▄▄▄▄▄▄▄▄▄▄▄▄▄▄▄▄▄▄▄▄▄▄▄▄▄▄▄▄▄[0m
[48;2;0;0;0m[38;2;0;0;0m▄▄▄▄▄▄▄▄▄▄▄▄▄▄▄▄▄▄▄▄▄▄▄▄▄▄▄▄▄▄▄▄▄▄▄▄▄▄▄▄▄▄▄▄▄▄▄▄▄▄▄[0m
[48;2;0;0;0m[38;2;0;0;0m▄▄▄▄▄▄▄▄▄▄▄▄▄▄▄▄▄▄▄▄▄▄▄▄▄▄▄▄▄▄▄▄▄▄▄▄▄▄▄▄▄▄▄▄▄▄▄▄▄▄▄[0m
