[48;2;0;0;0m[38;2;0;0;0m▄▄▄▄▄▄▄▄▄▄▄▄▄▄▄▄▄▄▄▄▄▄▄▄▄▄▄▄▄▄▄▄▄▄▄▄▄▄▄▄▄▄▄▄▄▄▄▄▄▄▄[0m
[48;2;0;0;0m[38;2;0;0;0m▄▄▄▄▄▄▄▄▄▄▄▄▄▄▄▄▄▄▄▄▄▄▄▄▄▄▄▄▄▄▄▄▄▄▄▄▄▄▄▄▄▄▄▄▄▄▄▄▄▄▄[0m
[48;2;0;0;0m[38;2;0;0;0m▄▄▄▄▄▄▄▄▄▄▄▄▄▄▄▄▄▄▄▄▄▄▄▄▄▄▄▄▄▄▄▄▄▄▄▄▄▄▄▄▄▄▄▄▄▄▄▄▄▄▄[0m
[48;2;0;0;0m[38;2;0;0;0m▄▄▄▄▄▄▄▄▄▄▄▄▄▄▄▄▄▄▄▄▄▄▄▄▄▄▄▄▄▄▄▄▄▄▄▄▄▄▄▄▄▄▄▄▄▄▄▄▄▄▄[0m
[48;2;0;0;0m[38;2;0;0;0m▄▄▄▄▄▄▄▄▄▄▄▄▄▄▄▄▄▄▄▄▄▄▄▄▄▄▄▄▄▄▄▄▄▄▄▄▄▄▄▄▄▄▄▄▄▄▄▄▄▄▄[0m
[48;2;0;0;0m[38;2;0;0;0m▄▄▄▄▄▄▄▄[38;2;178;51;0m▄[38;2;182;51;0m▄[38;2;191;0;0m▄[38;2;0;0;0m▄▄▄▄▄▄▄▄▄▄▄▄▄▄▄▄▄▄▄▄▄▄▄▄▄▄▄▄▄▄▄▄▄▄▄▄▄▄▄▄[0m
[48;2;0;0;0m[38;2;0;0;0m▄▄▄▄▄▄▄[48;2;255;224;53m[38;2;255;230;64m▄[48;2;255;230;60m[38;2;192;59;0m▄[48;2;255;231;62m[38;2;200;79;3m▄[48;2;228;135;11m[38;2;255;222;43m▄[48;2;179;49;0m[38;2;0;0;0m▄[48;2;255;229;58m[38;2;255;230;62m▄[48;2;255;228;52m[38;2;255;228;58m▄[48;2;0;0;0m[38;2;181;51;0m▄[48;2;255;205;24m[38;2;254;180;19m▄[48;2;255;242;73m[38;2;255;243;76m▄[48;2;182;51;0m[38;2;184;54;0m▄[48;2;255;243;70m[38;2;255;248;78m▄[48;2;255;248;78m[38;2;255;249;79m▄[48;2;255;250;79m[38;2;255;224;30m▄[48;2;255;251;82m[38;2;255;217;34m▄[48;2;255;211;18m[38;2;254;201;15m▄[48;2;255;204;0m[38;2;255;204;0m▄[48;2;255;249;78m[38;2;255;252;84m▄[48;2;183;53;0m[38;2;183;53;0m▄[48;2;0;0;0m[38;2;0;0;0m▄▄▄[48;2;255;233;46m[38;2;255;251;83m▄[48;2;182;45;0m[38;2;163;36;0m▄[48;2;0;0;0m[38;2;0;0;0m▄▄[48;2;179;48;0m[38;2;200;65;0m▄[48;2;253;178;21m[38;2;255;235;70m▄[48;2;223;159;0m[38;2;255;159;0m▄[48;2;0;0;0m[38;2;0;0;0m▄[48;2;195;76;4m[38;2;255;230;62m▄[38;2;255;231;63m▄[48;2;170;42;0m[38;2;0;0;0m▄[48;2;190;71;4m[38;2;255;214;39m▄[48;2;193;70;2m[38;2;255;231;64m▄[48;2;0;0;0m[38;2;183;54;0m▄[48;2;183;53;0m[38;2;255;230;63m▄[48;2;190;60;0m[38;2;255;225;52m▄[48;2;255;0;0m[38;2;0;0;0m▄[48;2;0;0;0m▄▄▄▄▄[0m
[48;2;0;0;0m[38;2;0;0;0m▄▄▄▄▄▄▄[48;2;255;215;37m[38;2;211;104;9m▄[48;2;255;221;54m[38;2;187;55;0m▄[48;2;255;219;52m[38;2;0;0;0m▄[48;2;254;208;37m[38;2;255;210;45m▄[48;2;180;50;0m[38;2;185;53;0m▄[48;2;255;220;53m[38;2;255;208;42m▄[48;2;255;225;59m[38;2;255;213;45m▄[48;2;255;225;58m[38;2;0;0;0m▄[48;2;255;230;63m[38;2;255;206;33m▄[48;2;255;236;69m[38;2;255;224;58m▄[48;2;184;53;0m[38;2;180;49;0m▄[48;2;255;246;78m[38;2;255;233;67m▄[48;2;255;250;81m[38;2;255;240;71m▄[48;2;255;251;82m[38;2;0;0;0m▄[48;2;255;249;79m▄[48;2;184;57;0m▄[48;2;255;204;0m[38;2;255;204;0m▄[48;2;255;252;84m[38;2;255;252;84m▄[48;2;183;53;0m[38;2;183;53;0m▄[48;2;0;0;0m[38;2;0;0;0m▄▄▄[48;2;255;246;78m[38;2;255;235;69m▄[48;2;0;0;0m[38;2;0;0;0m▄▄▄[48;2;227;97;0m[38;2;249;151;5m▄[48;2;255;229;64m[38;2;255;219;53m▄[48;2;255;170;0m[38;2;0;0;0m▄[48;2;0;0;0m▄[48;2;255;225;56m[38;2;255;213;46m▄[48;2;255;224;56m[38;2;255;213;45m▄[48;2;0;0;0m[38;2;0;0;0m▄[38;2;180;51;0m▄[48;2;255;225;58m[38;2;255;214;45m▄[48;2;255;223;55m[38;2;255;217;53m▄[48;2;255;225;57m[38;2;255;209;38m▄[48;2;0;0;0m[38;2;0;0;0m▄▄▄▄▄▄▄[0m
[48;2;0;0;0m[38;2;0;0;0m▄▄▄▄▄▄▄[48;2;255;196;26m▄[48;2;255;192;25m▄[38;2;255;184;14m▄[48;2;255;195;29m[38;2;0;0;0m▄[48;2;0;0;0m▄[48;2;255;196;29m[38;2;255;201;13m▄[48;2;255;200;32m▄[48;2;0;0;0m[38;2;0;0;0m▄[48;2;255;204;34m[38;2;255;255;0m▄[48;2;255;208;44m[38;2;255;200;27m▄[48;2;181;50;0m[38;2;0;0;0m▄[48;2;255;220;51m[38;2;255;202;24m▄[48;2;255;226;59m[38;2;255;208;33m▄[48;2;255;228;59m[38;2;255;218;39m▄[48;2;255;232;65m[38;2;255;223;45m▄[48;2;255;228;56m[38;2;255;210;34m▄[48;2;255;204;0m[38;2;255;204;0m▄[48;2;255;244;77m[38;2;255;225;49m▄[48;2;255;234;64m[38;2;255;220;47m▄[48;2;255;227;58m▄[48;2;255;215;43m[38;2;255;216;38m▄[48;2;0;0;0m[38;2;248;167;13m▄[48;2;255;221;56m[38;2;255;207;40m▄[48;2;255;209;39m[38;2;255;204;36m▄[48;2;255;201;35m[38;2;255;197;28m▄[48;2;254;186;21m[38;2;255;190;21m▄[48;2;0;0;0m[38;2;0;0;0m▄[48;2;255;204;40m[38;2;255;192;18m▄[48;2;255;199;29m[38;2;255;192;25m▄[48;2;187;57;0m▄[48;2;255;202;38m[38;2;255;193;22m▄[48;2;255;202;31m[38;2;0;0;0m▄[48;2;178;51;0m[38;2;190;60;0m▄[48;2;255;197;26m[38;2;255;193;25m▄[48;2;255;203;38m[38;2;255;193;18m▄[48;2;255;198;23m[38;2;0;0;0m▄[48;2;255;203;39m[38;2;255;191;23m▄[48;2;225;105;0m[38;2;255;189;19m▄[48;2;0;0;0m[38;2;0;0;0m▄▄▄▄▄▄[0m
[48;2;0;0;0m[38;2;0;0;0m▄▄▄▄▄▄▄▄▄▄▄▄▄▄▄▄▄▄▄▄▄▄▄▄▄▄▄▄▄▄▄▄▄▄▄▄▄▄▄▄▄▄▄▄▄▄▄▄▄▄▄[0m
[48;2;0;0;0m[38;2;0;0;0m▄▄▄▄▄▄▄▄▄▄▄▄▄▄▄▄▄▄▄▄▄▄▄▄▄▄▄▄▄▄▄▄▄▄▄▄▄▄▄▄▄▄▄▄▄▄▄▄▄▄▄[0m
[48;2;0;0;0m[38;2;0;0;0m▄▄▄▄▄▄▄▄▄▄▄▄▄▄▄▄▄▄▄▄▄▄▄▄▄▄▄▄▄▄▄▄▄▄▄▄▄▄▄▄▄▄▄▄▄▄▄▄▄▄▄[0m
[48;2;0;0;0m[38;2;0;0;0m▄▄▄▄▄▄▄▄▄▄▄▄▄▄▄▄▄▄▄▄▄▄▄▄▄▄▄▄▄▄▄▄▄▄▄▄▄▄▄▄▄▄▄▄▄▄▄▄▄▄▄[0m
[48;2;0;0;0m[38;2;0;0;0m▄▄▄▄▄▄▄▄▄▄▄▄▄▄▄▄▄▄▄▄▄▄▄▄▄▄▄▄▄▄▄▄▄▄▄▄▄▄▄▄▄▄▄▄▄▄▄▄▄▄▄[0m
[48;2;0;0;0m[38;2;0;0;0m▄▄▄▄▄▄▄▄▄▄▄▄▄▄▄▄▄▄▄▄▄▄▄▄▄▄▄▄▄▄▄▄▄▄▄▄▄▄▄▄▄▄▄▄▄▄▄▄▄▄▄[0m
