[48;2;0;0;0m[38;2;0;0;0m▄▄▄▄▄▄▄▄▄▄▄▄▄▄▄▄▄▄▄▄▄▄▄▄▄▄▄▄▄▄▄▄▄▄▄▄▄▄▄▄▄▄▄▄▄▄▄▄▄▄▄[0m
[48;2;0;0;0m[38;2;0;0;0m▄▄▄▄▄▄▄▄▄▄▄▄▄▄▄▄▄▄▄▄▄▄▄▄▄▄▄▄▄▄▄▄▄▄▄▄▄▄▄▄▄▄▄▄▄▄▄▄▄▄▄[0m
[48;2;0;0;0m[38;2;0;0;0m▄▄▄▄▄▄▄▄▄▄▄▄▄▄▄▄▄▄▄▄▄▄▄▄▄▄▄▄▄▄▄▄▄▄▄▄▄▄▄▄▄▄▄▄▄▄▄▄▄▄▄[0m
[48;2;0;0;0m[38;2;0;0;0m▄▄▄▄▄▄▄▄▄▄▄▄▄▄▄▄▄▄▄▄▄▄▄▄▄▄▄▄▄▄▄▄▄▄▄▄▄▄▄▄▄▄▄▄▄▄▄▄▄▄▄[0m
[48;2;0;0;0m[38;2;0;0;0m▄▄▄▄▄▄▄▄▄▄▄▄▄▄▄▄▄▄▄▄▄▄▄▄▄▄▄▄▄▄▄▄▄▄▄▄▄▄▄▄▄▄▄▄▄▄▄▄▄▄▄[0m
[48;2;0;0;0m[38;2;0;0;0m▄▄▄▄▄▄▄▄▄▄▄▄▄▄▄▄▄▄▄▄▄▄▄▄▄▄▄[38;2;154;39;0m▄[38;2;166;44;0m▄[38;2;0;0;0m▄[38;2;145;34;0m▄[38;2;160;42;0m▄[38;2;250;204;38m▄[38;2;157;42;0m▄[38;2;176;60;3m▄[48;2;153;39;0m[38;2;255;246;72m▄[48;2;163;43;0m[38;2;209;119;10m▄[48;2;151;38;0m[38;2;255;249;79m▄[48;2;162;43;0m[38;2;239;189;40m▄[48;2;227;149;9m[38;2;255;222;30m▄[48;2;0;0;0m[38;2;0;0;0m▄▄▄▄▄▄▄▄▄▄▄[0m
[48;2;0;0;0m[38;2;0;0;0m▄▄▄▄▄▄▄▄▄▄▄▄[38;2;155;38;0m▄[38;2;159;42;0m▄[38;2;0;0;0m▄[38;2;150;37;0m▄[38;2;243;178;20m▄[38;2;254;222;51m▄[48;2;156;39;0m[38;2;164;44;0m▄[48;2;155;40;0m[38;2;255;230;61m▄[48;2;157;41;0m[38;2;255;233;66m▄[48;2;158;42;0m▄[48;2;155;41;0m[38;2;255;231;61m▄[48;2;162;43;0m[38;2;168;45;0m▄[48;2;252;203;33m[38;2;255;233;67m▄[48;2;0;0;0m[38;2;0;0;0m▄[38;2;145;35;0m▄[48;2;162;43;0m[38;2;163;43;0m▄[48;2;255;236;66m[38;2;255;233;65m▄[48;2;255;225;39m[38;2;255;215;39m▄[48;2;146;35;0m[38;2;145;34;0m▄[48;2;165;43;0m[38;2;166;44;0m▄[48;2;255;251;81m[38;2;255;251;83m▄[48;2;157;41;0m[38;2;155;40;0m▄[48;2;189;72;4m[38;2;229;115;4m▄[48;2;255;250;80m[38;2;255;252;84m▄[48;2;162;43;0m[38;2;163;43;0m▄[48;2;255;250;80m[38;2;255;247;78m▄[48;2;255;249;80m[38;2;255;242;74m▄[48;2;0;0;0m[38;2;0;0;0m▄▄▄▄▄▄▄▄▄▄▄▄[0m
[48;2;0;0;0m[38;2;0;0;0m▄▄▄▄▄▄[48;2;145;36;0m[38;2;153;38;0m▄[48;2;157;40;0m[38;2;255;214;36m▄[48;2;218;140;14m[38;2;255;230;63m▄[48;2;255;224;54m[38;2;220;131;7m▄[48;2;255;222;50m[38;2;255;229;60m▄[48;2;0;0;0m[38;2;255;221;47m▄[48;2;161;42;0m[38;2;162;43;0m▄[48;2;255;232;64m[38;2;255;230;62m▄[48;2;255;224;49m[38;2;254;219;51m▄[48;2;153;39;0m[38;2;161;43;0m▄[48;2;254;219;54m[38;2;252;212;48m▄[48;2;255;231;65m[38;2;255;225;58m▄[48;2;164;43;0m[38;2;164;44;0m▄[48;2;255;230;63m[38;2;255;222;56m▄[48;2;229;172;31m[38;2;255;220;52m▄[48;2;158;42;0m[38;2;255;218;49m▄[48;2;155;40;0m[38;2;255;215;43m▄[48;2;165;44;0m[38;2;165;45;0m▄[48;2;255;226;60m[38;2;255;215;49m▄[48;2;0;0;0m[38;2;153;38;0m▄[48;2;145;35;0m[38;2;150;35;0m▄[48;2;163;43;0m[38;2;164;44;0m▄[48;2;255;224;56m[38;2;255;211;44m▄[48;2;255;215;39m[38;2;164;46;0m▄[48;2;146;34;0m[38;2;189;94;12m▄[48;2;165;44;0m[38;2;165;44;0m▄[48;2;255;243;75m[38;2;255;227;58m▄[48;2;161;42;0m[38;2;255;229;61m▄[48;2;253;205;37m[38;2;255;234;66m▄[48;2;255;240;67m[38;2;168;46;0m▄[48;2;170;47;0m[38;2;255;222;46m▄[48;2;255;238;69m[38;2;0;0;0m▄[48;2;255;220;50m▄[48;2;255;210;34m▄[48;2;0;0;0m▄▄▄▄▄▄▄▄▄▄▄[0m
[48;2;0;0;0m[38;2;0;0;0m▄▄▄▄▄▄[48;2;155;40;0m▄[48;2;255;225;56m[38;2;209;109;0m▄[48;2;255;225;59m[38;2;255;216;45m▄[48;2;255;216;43m[38;2;255;216;47m▄[48;2;225;138;10m[38;2;255;217;50m▄[48;2;0;0;0m[38;2;255;212;43m▄[48;2;161;43;0m[38;2;163;44;0m▄[48;2;255;221;55m[38;2;255;210;44m▄[38;2;255;206;34m▄[48;2;255;219;52m[38;2;152;39;0m▄[48;2;255;218;51m[38;2;244;181;30m▄[48;2;255;216;49m[38;2;255;203;39m▄[48;2;165;44;0m[38;2;163;43;0m▄[48;2;255;209;44m[38;2;255;196;33m▄[48;2;231;168;28m[38;2;255;195;31m▄[48;2;157;40;0m[38;2;255;193;28m▄[48;2;156;39;0m[38;2;255;193;26m▄[48;2;165;44;0m[38;2;170;48;0m▄[48;2;255;201;38m[38;2;255;191;23m▄[48;2;255;195;29m[38;2;255;192;23m▄[38;2;255;195;21m▄[48;2;173;49;0m[38;2;0;0;0m▄[48;2;255;198;30m▄[48;2;255;199;32m▄[48;2;255;203;34m▄[48;2;0;0;0m▄▄▄▄▄▄▄▄▄▄▄▄▄▄▄▄▄▄▄▄[0m
[48;2;0;0;0m[38;2;0;0;0m▄▄▄▄▄▄[48;2;152;39;0m[38;2;255;0;0m▄[48;2;162;43;0m[38;2;255;195;25m▄[48;2;222;139;13m[38;2;255;196;32m▄[48;2;155;40;0m[38;2;255;192;25m▄[48;2;238;167;21m▄[48;2;255;203;38m[38;2;255;195;18m▄[48;2;162;43;0m[38;2;170;42;0m▄[48;2;255;196;32m[38;2;255;191;18m▄[48;2;255;198;26m[38;2;255;192;16m▄[48;2;151;38;0m[38;2;0;0;0m▄[48;2;244;170;18m▄[48;2;255;193;25m▄[48;2;164;40;0m▄[48;2;255;188;19m▄[48;2;255;192;20m▄[48;2;0;0;0m▄▄▄▄▄▄▄▄▄▄▄▄▄▄▄▄▄▄▄▄▄▄▄▄▄▄▄▄▄▄[0m
[48;2;0;0;0m[38;2;0;0;0m▄▄▄▄▄▄▄▄▄▄▄▄▄▄▄▄▄▄▄▄▄▄▄▄▄▄▄▄▄▄▄▄▄▄▄▄▄▄▄▄▄▄▄▄▄▄▄▄▄▄▄[0m
[48;2;0;0;0m[38;2;0;0;0m▄▄▄▄▄▄▄▄▄▄▄▄▄▄▄▄▄▄▄▄▄▄▄▄▄▄▄▄▄▄▄▄▄▄▄▄▄▄▄▄▄▄▄▄▄▄▄▄▄▄▄[0m
[48;2;0;0;0m[38;2;0;0;0m▄▄▄▄▄▄▄▄▄▄▄▄▄▄▄▄▄▄▄▄▄▄▄▄▄▄▄▄▄▄▄▄▄▄▄▄▄▄▄▄▄▄▄▄▄▄▄▄▄▄▄[0m
[48;2;0;0;0m[38;2;0;0;0m▄▄▄▄▄▄▄▄▄▄▄▄▄▄▄▄▄▄▄▄▄▄▄▄▄▄▄▄▄▄▄▄▄▄▄▄▄▄▄▄▄▄▄▄▄▄▄▄▄▄▄[0m
[48;2;0;0;0m[38;2;0;0;0m▄▄▄▄▄▄▄▄▄▄▄▄▄▄▄▄▄▄▄▄▄▄▄▄▄▄▄▄▄▄▄▄▄▄▄▄▄▄▄▄▄▄▄▄▄▄▄▄▄▄▄[0m
