[48;2;0;0;0m[38;2;0;0;0m▄▄▄▄▄▄▄▄▄▄▄▄▄▄▄▄▄▄▄▄▄▄▄▄▄▄▄▄▄▄▄▄▄▄▄▄▄▄▄▄▄▄▄▄▄▄▄▄▄▄▄[0m
[48;2;0;0;0m[38;2;0;0;0m▄▄▄▄▄▄▄▄▄▄▄▄▄▄▄▄▄▄▄▄▄▄▄▄▄▄▄▄▄▄▄▄▄▄▄▄▄▄▄▄▄▄▄▄▄▄▄▄▄▄▄[0m
[48;2;0;0;0m[38;2;0;0;0m▄▄▄▄▄▄▄▄▄▄▄▄▄▄▄▄▄▄▄▄▄▄▄▄▄▄▄▄▄▄▄▄▄▄▄▄▄▄▄▄▄▄▄▄▄▄▄▄▄▄▄[0m
[48;2;0;0;0m[38;2;0;0;0m▄▄▄▄▄▄▄▄▄▄▄▄▄▄▄▄▄▄▄▄▄▄▄▄▄▄▄▄▄▄▄▄▄▄▄▄▄▄▄▄▄▄▄▄▄▄▄▄▄▄▄[0m
[48;2;0;0;0m[38;2;0;0;0m▄▄▄▄▄▄▄▄▄▄▄▄▄▄▄▄▄▄▄▄▄▄▄▄▄▄▄▄▄▄▄▄▄▄▄▄▄▄▄▄▄▄▄▄▄▄▄▄▄▄▄[0m
[48;2;0;0;0m[38;2;0;0;0m▄▄▄▄▄▄▄▄▄▄▄▄▄▄▄▄▄▄▄▄▄▄▄▄▄▄▄[38;2;93;17;0m▄[38;2;107;21;0m▄[38;2;0;0;0m▄▄[38;2;98;16;0m▄[38;2;115;24;0m▄[38;2;171;100;8m▄[38;2;106;20;0m▄[38;2;254;243;71m▄[38;2;243;174;22m▄[38;2;254;226;49m▄[48;2;89;13;0m[38;2;254;236;63m▄[48;2;106;19;0m[38;2;132;36;0m▄[48;2;106;21;0m[38;2;255;240;71m▄[48;2;0;0;0m[38;2;0;0;0m▄▄▄▄▄▄▄▄▄▄[0m
[48;2;0;0;0m[38;2;0;0;0m▄▄▄▄▄▄▄[38;2;100;18;0m▄[38;2;105;20;0m▄[38;2;104;21;0m▄[38;2;0;0;0m▄[38;2;95;15;0m▄[38;2;109;21;0m▄[38;2;193;97;2m▄[38;2;0;0;0m▄[38;2;109;21;0m▄[48;2;98;19;0m[38;2;255;230;61m▄[48;2;0;0;0m[38;2;254;210;32m▄[48;2;103;19;0m[38;2;117;23;0m▄[48;2;108;21;0m[38;2;255;233;67m▄[48;2;107;21;0m▄[48;2;109;22;0m[38;2;255;233;65m▄[48;2;119;30;0m[38;2;255;229;57m▄[48;2;112;22;0m[38;2;118;25;0m▄[48;2;254;216;44m[38;2;255;234;68m▄[48;2;0;0;0m[38;2;0;0;0m▄▄[48;2;106;20;0m[38;2;107;20;0m▄[48;2;255;243;72m[38;2;255;242;74m▄[48;2;255;245;70m[38;2;255;241;70m▄[48;2;0;0;0m[38;2;0;0;0m▄[48;2;103;18;0m[38;2;102;19;0m▄[48;2;255;218;42m[38;2;255;221;43m▄[48;2;255;250;79m[38;2;255;251;80m▄[48;2;109;21;0m[38;2;110;21;0m▄[48;2;255;251;82m[38;2;255;250;81m▄[48;2;255;238;58m[38;2;255;210;19m▄[48;2;115;24;0m[38;2;113;22;0m▄[48;2;255;249;80m[38;2;255;237;68m▄[48;2;255;240;71m[38;2;255;233;66m▄[48;2;0;0;0m[38;2;0;0;0m▄▄▄▄▄▄▄▄▄▄▄[0m
[48;2;0;0;0m[38;2;0;0;0m▄▄▄▄▄▄[48;2;110;21;0m[38;2;250;196;26m▄[48;2;255;223;51m[38;2;255;231;65m▄[48;2;255;232;63m[38;2;106;20;0m▄[48;2;255;232;65m[38;2;114;24;0m▄[48;2;255;224;52m[38;2;255;218;40m▄[48;2;99;17;0m[38;2;100;19;0m▄[48;2;255;228;56m[38;2;255;218;48m▄[48;2;255;233;66m[38;2;255;227;61m▄[48;2;0;0;0m[38;2;249;198;35m▄[48;2;114;23;0m[38;2;255;218;49m▄[48;2;255;232;65m[38;2;255;225;60m▄[48;2;255;220;48m[38;2;255;222;50m▄[48;2;117;23;0m[38;2;116;23;0m▄[48;2;255;229;64m[38;2;255;222;56m▄[48;2;108;21;0m[38;2;255;218;50m▄[48;2;110;21;0m[38;2;255;217;48m▄[48;2;103;18;0m[38;2;255;212;39m▄[48;2;116;23;0m[38;2;115;23;0m▄[48;2;255;227;61m[38;2;255;217;51m▄[48;2;0;0;0m[38;2;127;0;0m▄[38;2;102;17;0m▄[48;2;107;20;0m[38;2;108;21;0m▄[48;2;255;234;68m[38;2;255;220;55m▄[48;2;255;230;59m[38;2;255;221;51m▄[48;2;0;0;0m[38;2;110;21;0m▄[48;2;104;19;0m[38;2;151;67;5m▄[48;2;255;231;49m[38;2;171;96;12m▄[48;2;255;249;79m[38;2;255;242;74m▄[48;2;113;23;0m[38;2;255;234;62m▄[48;2;255;248;78m[38;2;255;238;69m▄[48;2;145;71;8m[38;2;117;25;0m▄[48;2;122;26;0m[38;2;255;215;43m▄[48;2;255;228;60m[38;2;255;214;36m▄[48;2;255;216;47m[38;2;122;27;0m▄[48;2;255;206;31m[38;2;255;198;23m▄[48;2;0;0;0m[38;2;0;0;0m▄▄▄▄▄▄▄▄▄▄[0m
[48;2;0;0;0m[38;2;0;0;0m▄▄▄▄▄▄[48;2;179;106;9m[38;2;102;18;0m▄[48;2;255;224;58m[38;2;112;23;0m▄[48;2;255;222;55m[38;2;255;211;32m▄[48;2;255;219;50m[38;2;255;206;34m▄[48;2;255;212;40m[38;2;255;211;47m▄[48;2;96;16;0m[38;2;255;202;27m▄[48;2;254;204;38m[38;2;235;157;20m▄[48;2;255;218;54m[38;2;255;206;42m▄[48;2;255;216;47m[38;2;0;0;0m▄[48;2;255;215;47m[38;2;109;21;0m▄[48;2;255;214;49m[38;2;255;200;36m▄[48;2;255;213;42m[38;2;255;198;26m▄[48;2;114;23;0m[38;2;115;23;0m▄[48;2;255;209;45m[38;2;255;197;34m▄[48;2;108;21;0m[38;2;255;194;29m▄[48;2;109;21;0m[38;2;255;193;28m▄[48;2;111;22;0m[38;2;255;193;24m▄[48;2;116;23;0m[38;2;119;25;0m▄[48;2;255;202;39m[38;2;255;192;24m▄[48;2;255;198;31m[38;2;255;194;24m▄[48;2;255;198;32m[38;2;255;195;23m▄[48;2;237;174;22m[38;2;255;195;15m▄[48;2;255;203;38m[38;2;0;0;0m▄[48;2;255;210;44m▄[48;2;255;215;46m▄[48;2;255;217;45m▄[48;2;0;0;0m▄[48;2;255;213;34m▄[48;2;255;219;41m▄[48;2;0;0;0m▄▄▄▄▄▄▄▄▄▄▄▄▄▄▄▄[0m
[48;2;0;0;0m[38;2;0;0;0m▄▄▄▄▄▄[48;2;254;196;22m▄[48;2;255;201;33m[38;2;255;192;21m▄[48;2;107;21;0m[38;2;255;189;24m▄[48;2;121;26;0m[38;2;255;190;21m▄[48;2;255;198;33m[38;2;255;194;16m▄[48;2;255;197;11m[38;2;0;0;0m▄[48;2;188;111;12m▄[48;2;255;194;30m▄[48;2;0;0;0m▄[48;2;110;22;0m▄[48;2;255;192;21m▄[48;2;255;194;16m▄[48;2;119;34;0m▄[48;2;255;193;20m▄[48;2;0;0;0m▄▄▄▄▄▄▄▄▄▄▄▄▄▄▄▄▄▄▄▄▄▄▄▄▄▄▄▄▄▄▄[0m
[48;2;0;0;0m[38;2;0;0;0m▄▄▄▄▄▄▄▄▄▄▄▄▄▄▄▄▄▄▄▄▄▄▄▄▄▄▄▄▄▄▄▄▄▄▄▄▄▄▄▄▄▄▄▄▄▄▄▄▄▄▄[0m
[48;2;0;0;0m[38;2;0;0;0m▄▄▄▄▄▄▄▄▄▄▄▄▄▄▄▄▄▄▄▄▄▄▄▄▄▄▄▄▄▄▄▄▄▄▄▄▄▄▄▄▄▄▄▄▄▄▄▄▄▄▄[0m
[48;2;0;0;0m[38;2;0;0;0m▄▄▄▄▄▄▄▄▄▄▄▄▄▄▄▄▄▄▄▄▄▄▄▄▄▄▄▄▄▄▄▄▄▄▄▄▄▄▄▄▄▄▄▄▄▄▄▄▄▄▄[0m
[48;2;0;0;0m[38;2;0;0;0m▄▄▄▄▄▄▄▄▄▄▄▄▄▄▄▄▄▄▄▄▄▄▄▄▄▄▄▄▄▄▄▄▄▄▄▄▄▄▄▄▄▄▄▄▄▄▄▄▄▄▄[0m
[48;2;0;0;0m[38;2;0;0;0m▄▄▄▄▄▄▄▄▄▄▄▄▄▄▄▄▄▄▄▄▄▄▄▄▄▄▄▄▄▄▄▄▄▄▄▄▄▄▄▄▄▄▄▄▄▄▄▄▄▄▄[0m
