[48;2;0;0;0m[38;2;0;0;0m▄▄▄▄▄▄▄▄▄▄▄▄▄▄▄▄▄▄▄▄▄▄▄▄▄▄▄▄▄▄▄▄▄▄▄▄▄▄▄▄▄▄▄▄▄▄▄▄▄▄▄[0m
[48;2;0;0;0m[38;2;0;0;0m▄▄▄▄▄▄▄▄▄▄▄▄▄▄▄▄▄▄▄▄▄▄▄▄▄▄▄▄▄▄▄▄▄▄▄▄▄▄▄▄▄▄▄▄▄▄▄▄▄▄▄[0m
[48;2;0;0;0m[38;2;0;0;0m▄▄▄▄▄▄▄▄▄▄▄▄▄▄▄▄▄▄▄▄▄▄▄▄▄▄▄▄▄▄▄▄▄▄▄▄▄▄▄▄▄▄▄▄▄▄▄▄▄▄▄[0m
[48;2;0;0;0m[38;2;0;0;0m▄▄▄▄▄▄▄▄▄▄▄▄▄▄▄▄▄▄▄▄▄▄▄▄▄▄▄▄▄▄▄▄▄▄▄▄▄▄▄▄▄▄▄▄▄▄▄▄▄▄▄[0m
[48;2;0;0;0m[38;2;0;0;0m▄▄▄▄▄▄▄▄▄▄▄▄▄▄▄▄▄▄▄▄▄▄▄▄▄▄▄▄▄▄▄▄▄▄▄▄▄▄▄▄▄▄▄▄▄▄▄▄▄▄▄[0m
[48;2;0;0;0m[38;2;0;0;0m▄▄▄▄▄▄▄▄▄▄▄▄▄▄▄▄▄▄▄▄▄▄▄▄▄▄▄[38;2;158;40;0m▄[38;2;173;45;0m▄[38;2;0;0;0m▄▄[38;2;162;42;0m▄[38;2;204;110;11m▄[38;2;232;147;7m▄[38;2;172;47;0m▄[38;2;255;248;77m▄[48;2;170;42;0m[38;2;172;47;0m▄[48;2;0;0;0m[38;2;255;248;78m▄[48;2;160;41;0m[38;2;178;51;0m▄[48;2;170;45;0m[38;2;255;248;78m▄[48;2;191;85;0m[38;2;0;0;0m▄[48;2;0;0;0m▄▄▄▄▄▄▄▄▄▄[0m
[48;2;0;0;0m[38;2;0;0;0m▄▄▄▄▄▄▄▄[38;2;162;43;0m▄[38;2;0;0;0m▄▄[38;2;154;38;0m▄[38;2;165;44;0m▄[38;2;171;48;0m▄[38;2;0;0;0m▄[38;2;164;43;0m▄[38;2;255;223;51m▄[38;2;255;228;55m▄[48;2;162;43;0m[38;2;171;46;0m▄[48;2;165;44;0m[38;2;255;232;64m▄[48;2;167;45;0m[38;2;255;233;67m▄[48;2;168;46;0m[38;2;255;233;66m▄[48;2;168;48;0m[38;2;255;229;61m▄[48;2;169;46;0m[38;2;176;50;0m▄[48;2;254;212;40m[38;2;255;233;67m▄[48;2;0;0;0m[38;2;0;0;0m▄▄[48;2;165;44;0m[38;2;165;44;0m▄[48;2;255;239;69m[38;2;255;237;67m▄[48;2;255;232;52m[38;2;255;231;50m▄[48;2;0;0;0m[38;2;0;0;0m▄[48;2;165;44;0m[38;2;166;44;0m▄[48;2;255;250;79m[38;2;255;251;82m▄[48;2;236;154;8m[38;2;234;131;3m▄[48;2;176;50;0m[38;2;175;49;0m▄[48;2;255;250;81m[38;2;255;251;80m▄[48;2;160;41;0m[38;2;159;41;0m▄[48;2;219;135;10m[38;2;177;49;0m▄[48;2;255;248;79m[38;2;255;243;76m▄[48;2;255;242;70m[38;2;255;223;45m▄[48;2;0;0;0m[38;2;0;0;0m▄▄▄▄▄▄▄▄▄▄▄[0m
[48;2;0;0;0m[38;2;0;0;0m▄▄▄▄▄▄[48;2;159;41;0m[38;2;169;46;0m▄[48;2;182;64;1m[38;2;255;232;64m▄[48;2;255;229;60m[38;2;222;151;19m▄[48;2;255;231;63m[38;2;166;43;0m▄[48;2;255;225;54m[38;2;255;226;55m▄[48;2;0;0;0m[38;2;255;197;13m▄[48;2;184;60;0m[38;2;175;49;0m▄[48;2;255;234;68m[38;2;255;229;63m▄[48;2;0;0;0m[38;2;182;65;1m▄[48;2;165;44;0m[38;2;204;109;15m▄[48;2;255;229;62m[38;2;255;224;57m▄[48;2;255;231;61m[38;2;255;223;54m▄[48;2;171;47;0m[38;2;171;47;0m▄[48;2;255;230;64m[38;2;255;222;57m▄[48;2;164;44;0m[38;2;255;219;52m▄[48;2;166;44;0m[38;2;255;218;49m▄[48;2;159;31;0m[38;2;255;215;39m▄[48;2;176;50;0m[38;2;176;50;0m▄[48;2;255;226;60m[38;2;255;216;49m▄[48;2;0;0;0m[38;2;127;0;0m▄[38;2;0;0;0m▄[48;2;166;44;0m[38;2;167;45;0m▄[48;2;255;229;61m[38;2;255;217;49m▄[48;2;255;219;45m[38;2;228;130;12m▄[48;2;0;0;0m[38;2;168;46;0m▄[48;2;166;44;0m[38;2;195;96;10m▄[48;2;255;248;80m[38;2;255;229;58m▄[48;2;186;67;0m[38;2;255;236;68m▄[48;2;176;49;0m[38;2;255;237;67m▄[48;2;255;250;81m[38;2;255;230;54m▄[48;2;170;46;0m[38;2;177;49;0m▄[48;2;255;230;60m[38;2;255;220;48m▄[48;2;195;84;6m[38;2;0;0;0m▄[48;2;255;216;48m[38;2;255;201;29m▄[48;2;0;0;0m[38;2;0;0;0m▄▄▄▄▄▄▄▄▄▄▄[0m
[48;2;0;0;0m[38;2;0;0;0m▄▄▄▄▄▄[48;2;171;48;0m▄[48;2;255;226;60m[38;2;179;66;0m▄[48;2;255;223;55m[38;2;255;209;34m▄[48;2;255;219;50m[38;2;255;213;42m▄[48;2;255;211;38m[38;2;255;214;48m▄[48;2;0;0;0m[38;2;255;206;37m▄[48;2;170;46;0m[38;2;170;46;0m▄[48;2;255;220;55m[38;2;255;209;45m▄[48;2;255;218;51m[38;2;0;0;0m▄[48;2;255;217;48m[38;2;162;43;0m▄[48;2;255;216;50m[38;2;255;201;35m▄[48;2;255;212;45m[38;2;255;197;33m▄[48;2;173;49;0m[38;2;174;49;0m▄[48;2;255;210;46m[38;2;255;198;35m▄[48;2;163;43;0m[38;2;255;195;29m▄[48;2;165;44;0m[38;2;255;194;28m▄[48;2;165;45;0m[38;2;255;193;25m▄[48;2;176;51;0m[38;2;180;52;0m▄[48;2;255;202;38m[38;2;255;193;24m▄[48;2;255;197;30m▄[48;2;255;196;30m[38;2;255;195;23m▄[48;2;236;141;11m[38;2;0;0;0m▄[48;2;255;201;34m▄[48;2;255;204;38m▄[48;2;255;209;41m▄[48;2;255;210;35m▄[48;2;0;0;0m▄▄▄▄▄▄▄▄▄▄▄▄▄▄▄▄▄▄▄[0m
[48;2;0;0;0m[38;2;0;0;0m▄▄▄▄▄▄[48;2;168;47;0m▄[48;2;255;200;30m[38;2;255;193;24m▄[48;2;164;45;0m[38;2;255;192;27m▄[48;2;172;48;0m[38;2;255;191;24m▄[48;2;255;198;33m[38;2;255;191;20m▄[48;2;255;198;27m[38;2;0;0;0m▄[48;2;175;50;0m[38;2;191;63;0m▄[48;2;255;195;33m[38;2;255;196;19m▄[48;2;0;0;0m[38;2;0;0;0m▄[48;2;166;44;0m▄[48;2;255;191;21m▄[48;2;255;192;20m▄[48;2;173;46;0m▄[48;2;255;191;19m▄[48;2;255;191;21m▄[48;2;0;0;0m▄▄▄▄▄▄▄▄▄▄▄▄▄▄▄▄▄▄▄▄▄▄▄▄▄▄▄▄▄▄[0m
[48;2;0;0;0m[38;2;0;0;0m▄▄▄▄▄▄▄▄▄▄▄▄▄▄▄▄▄▄▄▄▄▄▄▄▄▄▄▄▄▄▄▄▄▄▄▄▄▄▄▄▄▄▄▄▄▄▄▄▄▄▄[0m
[48;2;0;0;0m[38;2;0;0;0m▄▄▄▄▄▄▄▄▄▄▄▄▄▄▄▄▄▄▄▄▄▄▄▄▄▄▄▄▄▄▄▄▄▄▄▄▄▄▄▄▄▄▄▄▄▄▄▄▄▄▄[0m
[48;2;0;0;0m[38;2;0;0;0m▄▄▄▄▄▄▄▄▄▄▄▄▄▄▄▄▄▄▄▄▄▄▄▄▄▄▄▄▄▄▄▄▄▄▄▄▄▄▄▄▄▄▄▄▄▄▄▄▄▄▄[0m
[48;2;0;0;0m[38;2;0;0;0m▄▄▄▄▄▄▄▄▄▄▄▄▄▄▄▄▄▄▄▄▄▄▄▄▄▄▄▄▄▄▄▄▄▄▄▄▄▄▄▄▄▄▄▄▄▄▄▄▄▄▄[0m
[48;2;0;0;0m[38;2;0;0;0m▄▄▄▄▄▄▄▄▄▄▄▄▄▄▄▄▄▄▄▄▄▄▄▄▄▄▄▄▄▄▄▄▄▄▄▄▄▄▄▄▄▄▄▄▄▄▄▄▄▄▄[0m
