[48;2;0;0;0m[38;2;0;0;0m▄▄▄▄▄▄▄▄▄▄▄▄▄▄▄▄▄▄▄▄▄▄▄▄▄▄▄▄▄▄▄▄▄▄▄▄▄▄▄▄▄▄▄▄▄▄▄▄▄▄▄[0m
[48;2;0;0;0m[38;2;0;0;0m▄▄▄▄▄▄▄▄▄▄▄▄▄▄▄▄▄▄▄▄▄▄▄▄▄▄▄▄▄▄▄▄▄▄▄▄▄▄▄▄▄▄▄▄▄▄▄▄▄▄▄[0m
[48;2;0;0;0m[38;2;0;0;0m▄▄▄▄▄▄▄▄▄▄▄▄▄▄▄▄▄▄▄▄▄▄▄▄▄▄▄▄▄▄▄▄▄▄▄▄▄▄▄▄▄▄▄▄▄▄▄▄▄▄▄[0m
[48;2;0;0;0m[38;2;0;0;0m▄▄▄▄▄▄▄▄▄▄▄▄▄▄▄▄▄▄▄▄▄▄▄▄▄▄▄▄▄▄▄▄▄▄▄▄▄▄▄▄▄▄▄▄▄▄▄▄▄▄▄[0m
[48;2;0;0;0m[38;2;0;0;0m▄▄▄▄▄▄▄▄▄▄▄▄▄▄▄▄▄▄▄▄▄▄▄▄▄▄▄▄▄▄▄▄▄▄▄▄▄▄▄▄▄▄▄▄▄▄▄▄▄▄▄[0m
[48;2;0;0;0m[38;2;0;0;0m▄▄▄▄▄▄▄▄▄[38;2;101;21;0m▄[38;2;96;16;0m▄[38;2;84;11;0m▄[38;2;0;0;0m▄[38;2;91;15;0m▄[38;2;80;12;0m▄[38;2;0;0;0m▄[38;2;84;12;0m▄[38;2;85;10;0m▄[38;2;0;0;0m▄[38;2;77;11;0m▄▄[38;2;0;0;0m▄▄▄▄▄▄▄▄▄▄▄▄▄▄▄▄▄▄▄▄▄▄▄▄▄▄▄▄▄▄[0m
[48;2;0;0;0m[38;2;0;0;0m▄▄▄▄▄▄▄[48;2;255;204;20m[38;2;255;204;0m▄[48;2;255;232;64m[38;2;255;226;60m▄[48;2;243;207;49m[38;2;255;217;46m▄[48;2;255;232;64m[38;2;111;23;0m▄[48;2;109;25;0m[38;2;99;17;0m▄[48;2;155;91;14m[38;2;255;205;31m▄[48;2;255;240;70m[38;2;255;237;69m▄[48;2;95;14;0m[38;2;101;17;0m▄[48;2;0;0;0m[38;2;94;16;0m▄[48;2;255;250;80m[38;2;255;251;83m▄[48;2;101;18;0m[38;2;103;19;0m▄[48;2;255;224;48m[38;2;255;233;56m▄[48;2;255;250;79m[38;2;255;250;80m▄[48;2;255;250;80m[38;2;107;24;0m▄[48;2;255;250;81m[38;2;255;205;16m▄[48;2;255;242;68m[38;2;252;176;10m▄[48;2;0;0;0m[38;2;0;0;0m▄[48;2;255;250;81m[38;2;255;252;84m▄[48;2;93;15;0m[38;2;95;17;0m▄[48;2;0;0;0m[38;2;0;0;0m▄▄▄[48;2;220;126;8m[38;2;255;240;71m▄[48;2;87;15;0m[38;2;91;19;0m▄[48;2;0;0;0m[38;2;0;0;0m▄▄[38;2;243;160;5m▄[48;2;94;16;0m[38;2;255;234;68m▄[48;2;78;13;0m[38;2;79;16;0m▄[48;2;0;0;0m[38;2;0;0;0m▄[48;2;91;16;0m[38;2;255;230;63m▄[48;2;88;13;0m[38;2;255;231;62m▄[48;2;0;0;0m[38;2;0;0;0m▄[48;2;93;17;0m[38;2;255;229;59m▄[48;2;83;13;0m[38;2;255;230;62m▄[48;2;0;0;0m[38;2;0;0;0m▄[38;2;243;189;23m▄[48;2;82;8;0m[38;2;255;230;61m▄[48;2;51;0;0m[38;2;255;184;8m▄[48;2;0;0;0m[38;2;0;0;0m▄▄▄▄▄[0m
[48;2;0;0;0m[38;2;0;0;0m▄▄▄▄▄▄▄[38;2;255;199;19m▄[48;2;102;20;0m[38;2;255;198;32m▄[48;2;255;216;46m[38;2;103;18;0m▄[48;2;255;218;51m[38;2;252;195;30m▄[48;2;255;208;35m[38;2;255;204;36m▄[48;2;101;18;0m[38;2;94;14;0m▄[48;2;255;228;63m[38;2;255;214;49m▄[48;2;255;233;66m[38;2;100;17;0m▄[48;2;255;238;69m[38;2;0;0;0m▄[48;2;255;246;79m[38;2;255;234;67m▄[48;2;105;21;0m[38;2;127;38;0m▄[48;2;255;223;51m[38;2;255;219;46m▄[48;2;255;251;83m[38;2;255;250;83m▄[48;2;255;251;82m[38;2;100;17;0m▄[48;2;255;249;77m[38;2;87;12;0m▄[48;2;121;38;1m[38;2;0;0;0m▄[48;2;0;0;0m▄[48;2;255;252;84m[38;2;255;247;80m▄[48;2;95;17;0m[38;2;96;17;0m▄[48;2;0;0;0m[38;2;0;0;0m▄▄[48;2;255;174;13m[38;2;255;174;13m▄[48;2;255;235;69m[38;2;255;224;59m▄[48;2;91;19;0m[38;2;90;17;0m▄[48;2;0;0;0m[38;2;0;0;0m▄▄[48;2;255;168;10m[38;2;255;206;37m▄[48;2;255;229;63m[38;2;255;219;54m▄[48;2;74;9;0m[38;2;67;6;0m▄[48;2;0;0;0m[38;2;0;0;0m▄[48;2;255;224;57m[38;2;255;219;50m▄[48;2;255;227;59m▄[48;2;0;0;0m[38;2;0;0;0m▄▄[48;2;255;229;63m[38;2;253;210;39m▄[48;2;205;143;17m[38;2;255;222;58m▄[48;2;255;229;62m[38;2;255;220;52m▄[48;2;255;207;29m[38;2;0;0;0m▄[48;2;0;0;0m▄▄▄▄▄▄[0m
[48;2;0;0;0m[38;2;0;0;0m▄▄▄▄▄▄▄▄[48;2;255;192;19m▄[48;2;255;191;24m▄▄[48;2;121;33;0m▄[48;2;0;0;0m▄[48;2;255;200;31m▄[48;2;97;16;0m▄[48;2;0;0;0m▄[48;2;255;217;50m▄[48;2;137;61;8m▄[48;2;255;224;37m▄[48;2;255;237;71m▄[48;2;255;237;68m[38;2;255;214;26m▄[38;2;255;222;37m▄[48;2;255;233;60m[38;2;255;217;37m▄[48;2;0;0;0m[38;2;0;0;0m▄[48;2;255;234;68m[38;2;255;218;46m▄[48;2;255;220;51m[38;2;255;211;39m▄[48;2;255;215;45m[38;2;255;208;38m▄[48;2;255;207;34m[38;2;255;202;32m▄[48;2;255;187;20m[38;2;255;194;20m▄[48;2;255;210;46m[38;2;255;198;31m▄[48;2;110;29;1m[38;2;255;194;28m▄[48;2;102;20;0m[38;2;255;195;28m▄[48;2;98;17;0m[38;2;255;195;25m▄[48;2;255;182;0m[38;2;0;0;0m▄[48;2;255;206;42m[38;2;255;193;23m▄[48;2;99;18;0m[38;2;255;193;28m▄[48;2;91;14;0m[38;2;255;193;27m▄[48;2;255;205;40m[38;2;255;195;29m▄[48;2;255;206;38m[38;2;255;192;15m▄[48;2;0;0;0m[38;2;75;13;0m▄[48;2;87;14;0m[38;2;255;194;27m▄[48;2;255;208;42m[38;2;255;196;28m▄[48;2;255;209;42m[38;2;0;0;0m▄[48;2;255;210;43m[38;2;255;198;31m▄[48;2;82;13;0m[38;2;255;195;26m▄[48;2;0;0;0m[38;2;0;0;0m▄▄▄▄▄▄[0m
[48;2;0;0;0m[38;2;0;0;0m▄▄▄▄▄▄▄▄▄▄▄▄▄▄▄▄▄▄▄▄▄▄▄▄▄▄▄▄▄▄▄▄▄▄▄▄▄▄▄[48;2;255;188;0m▄[48;2;255;191;19m▄[48;2;255;255;0m▄[48;2;0;0;0m▄[48;2;255;187;15m▄[48;2;255;191;20m▄[48;2;104;23;0m▄[48;2;0;0;0m▄▄▄▄▄[0m
[48;2;0;0;0m[38;2;0;0;0m▄▄▄▄▄▄▄▄▄▄▄▄▄▄▄▄▄▄▄▄▄▄▄▄▄▄▄▄▄▄▄▄▄▄▄▄▄▄▄▄▄▄▄▄▄▄▄▄▄▄▄[0m
[48;2;0;0;0m[38;2;0;0;0m▄▄▄▄▄▄▄▄▄▄▄▄▄▄▄▄▄▄▄▄▄▄▄▄▄▄▄▄▄▄▄▄▄▄▄▄▄▄▄▄▄▄▄▄▄▄▄▄▄▄▄[0m
[48;2;0;0;0m[38;2;0;0;0m▄▄▄▄▄▄▄▄▄▄▄▄▄▄▄▄▄▄▄▄▄▄▄▄▄▄▄▄▄▄▄▄▄▄▄▄▄▄▄▄▄▄▄▄▄▄▄▄▄▄▄[0m
[48;2;0;0;0m[38;2;0;0;0m▄▄▄▄▄▄▄▄▄▄▄▄▄▄▄▄▄▄▄▄▄▄▄▄▄▄▄▄▄▄▄▄▄▄▄▄▄▄▄▄▄▄▄▄▄▄▄▄▄▄▄[0m
[48;2;0;0;0m[38;2;0;0;0m▄▄▄▄▄▄▄▄▄▄▄▄▄▄▄▄▄▄▄▄▄▄▄▄▄▄▄▄▄▄▄▄▄▄▄▄▄▄▄▄▄▄▄▄▄▄▄▄▄▄▄[0m
