[48;2;0;0;0m[38;2;0;0;0m▄▄▄▄▄▄▄▄▄▄▄▄▄▄▄▄▄▄▄▄▄▄▄▄▄▄▄▄▄▄▄▄▄▄▄▄▄▄▄▄▄▄▄▄▄▄▄▄▄▄▄[0m
[48;2;0;0;0m[38;2;0;0;0m▄▄▄▄▄▄▄▄▄▄▄▄▄▄▄▄▄▄▄▄▄▄▄▄▄▄▄▄▄▄▄▄▄▄▄▄▄▄▄▄▄▄▄▄▄▄▄▄▄▄▄[0m
[48;2;0;0;0m[38;2;0;0;0m▄▄▄▄▄▄▄▄▄▄▄▄▄▄▄▄▄▄▄▄▄▄▄▄▄▄▄▄▄▄▄▄▄▄▄▄▄▄▄▄▄▄▄▄▄▄▄▄▄▄▄[0m
[48;2;0;0;0m[38;2;0;0;0m▄▄▄▄▄▄▄▄▄▄▄▄▄▄▄▄▄▄▄▄▄▄▄▄▄▄▄▄▄▄▄▄▄▄▄▄▄▄▄▄▄▄▄▄▄▄▄▄▄▄▄[0m
[48;2;0;0;0m[38;2;0;0;0m▄▄▄▄▄▄▄▄▄▄▄▄▄▄▄▄▄▄▄▄▄▄▄▄▄▄▄▄▄▄▄▄▄▄▄▄▄▄▄▄▄▄▄▄▄▄▄▄▄▄▄[0m
[48;2;0;0;0m[38;2;0;0;0m▄▄▄▄▄▄▄▄[38;2;76;12;0m▄[38;2;85;13;0m▄[38;2;63;0;0m▄[38;2;0;0;0m▄▄▄▄▄▄▄▄▄▄▄▄▄▄▄▄▄▄▄▄▄▄▄▄▄▄▄▄▄▄▄▄▄▄▄▄▄▄▄▄[0m
[48;2;0;0;0m[38;2;0;0;0m▄▄▄▄▄▄▄[48;2;255;225;54m[38;2;255;230;64m▄[48;2;255;231;60m[38;2;104;20;0m▄[48;2;255;231;62m[38;2;123;44;3m▄[48;2;219;135;10m[38;2;255;222;43m▄[48;2;79;11;0m[38;2;0;0;0m▄[48;2;255;230;59m[38;2;255;230;62m▄[48;2;255;228;52m[38;2;255;229;59m▄[48;2;0;0;0m[38;2;86;13;0m▄[48;2;255;198;21m[38;2;244;163;12m▄[48;2;255;243;74m[38;2;255;243;76m▄[48;2;86;13;0m[38;2;88;15;0m▄[48;2;255;244;71m[38;2;255;248;78m▄[48;2;255;249;78m[38;2;255;249;79m▄[48;2;255;250;79m[38;2;255;224;32m▄[48;2;255;251;82m[38;2;255;212;31m▄[48;2;255;212;18m[38;2;255;200;14m▄[48;2;255;204;0m[38;2;255;204;0m▄[48;2;255;249;78m[38;2;255;252;84m▄[48;2;85;13;0m[38;2;80;13;0m▄[48;2;0;0;0m[38;2;0;0;0m▄▄▄[48;2;255;234;46m[38;2;255;251;83m▄[48;2;63;9;0m[38;2;18;0;0m▄[48;2;0;0;0m[38;2;0;0;0m▄▄[48;2;75;10;0m[38;2;113;27;0m▄[48;2;244;155;12m[38;2;255;235;70m▄[48;2;223;127;0m[38;2;223;127;0m▄[48;2;0;0;0m[38;2;0;0;0m▄[48;2;124;47;4m[38;2;255;230;63m▄[48;2;117;43;4m[38;2;255;231;63m▄[48;2;63;0;0m[38;2;0;0;0m▄[48;2;111;37;3m[38;2;254;217;41m▄[48;2;107;35;2m[38;2;255;231;64m▄[48;2;0;0;0m[38;2;92;14;0m▄[48;2;94;17;0m[38;2;255;230;63m▄[48;2;100;22;0m[38;2;255;225;52m▄[48;2;255;0;0m[38;2;0;0;0m▄[48;2;0;0;0m▄▄▄▄▄[0m
[48;2;0;0;0m[38;2;0;0;0m▄▄▄▄▄▄▄[48;2;255;214;37m[38;2;157;82;9m▄[48;2;255;221;54m[38;2;100;17;0m▄[48;2;255;219;52m[38;2;0;0;0m▄[48;2;254;209;38m[38;2;255;210;45m▄[48;2;90;13;0m[38;2;96;16;0m▄[48;2;255;220;53m[38;2;255;208;42m▄[48;2;255;225;59m[38;2;255;214;46m▄[38;2;0;0;0m▄[48;2;255;230;63m[38;2;255;201;30m▄[48;2;255;236;69m[38;2;255;224;58m▄[48;2;83;12;0m[38;2;85;12;0m▄[48;2;255;246;78m[38;2;255;233;67m▄[48;2;255;250;81m[38;2;255;240;72m▄[48;2;255;251;82m[38;2;0;0;0m▄[48;2;255;249;79m▄[48;2;94;21;0m▄[48;2;255;178;0m[38;2;255;178;0m▄[48;2;255;252;84m[38;2;255;252;84m▄[48;2;85;13;0m[38;2;85;13;0m▄[48;2;0;0;0m[38;2;0;0;0m▄▄▄[48;2;255;246;78m[38;2;255;235;69m▄[48;2;0;0;0m[38;2;0;0;0m▄▄▄[48;2;173;65;0m[38;2;211;103;0m▄[48;2;255;229;64m[38;2;255;219;53m▄[48;2;170;85;0m[38;2;0;0;0m▄[48;2;0;0;0m▄[48;2;255;225;56m[38;2;255;215;47m▄[48;2;255;224;56m[38;2;255;213;45m▄[48;2;0;0;0m[38;2;0;0;0m▄[38;2;85;13;0m▄[48;2;255;225;58m[38;2;255;214;45m▄[48;2;255;223;56m[38;2;255;217;53m▄[48;2;255;225;57m[38;2;255;209;38m▄[48;2;0;0;0m[38;2;0;0;0m▄▄▄▄▄▄▄[0m
[48;2;0;0;0m[38;2;0;0;0m▄▄▄▄▄▄▄[48;2;255;195;26m▄[48;2;255;192;25m▄[48;2;255;192;26m[38;2;255;184;14m▄[48;2;255;195;29m[38;2;0;0;0m▄[48;2;0;0;0m▄[48;2;255;196;29m[38;2;255;187;13m▄[48;2;255;200;32m[38;2;255;201;13m▄[48;2;0;0;0m[38;2;0;0;0m▄[48;2;255;204;34m[38;2;255;255;0m▄[48;2;255;208;44m[38;2;255;200;27m▄[48;2;87;13;0m[38;2;0;0;0m▄[48;2;255;220;51m[38;2;255;200;24m▄[48;2;255;226;59m[38;2;255;206;33m▄[48;2;255;228;59m[38;2;255;218;39m▄[48;2;255;232;65m[38;2;255;221;45m▄[48;2;255;229;58m[38;2;255;210;34m▄[48;2;255;178;0m[38;2;255;178;0m▄[48;2;255;244;77m[38;2;255;225;50m▄[48;2;255;235;65m[38;2;255;220;48m▄[48;2;255;229;60m[38;2;255;220;47m▄[48;2;255;219;44m[38;2;255;217;39m▄[48;2;0;0;0m[38;2;208;100;6m▄[48;2;255;221;56m[38;2;255;207;40m▄[48;2;255;209;39m[38;2;255;204;36m▄[48;2;255;201;35m[38;2;255;196;29m▄[48;2;253;179;20m[38;2;254;191;22m▄[48;2;0;0;0m[38;2;0;0;0m▄[48;2;255;204;40m[38;2;255;192;18m▄[48;2;255;200;30m[38;2;255;191;25m▄[48;2;100;19;0m[38;2;255;192;25m▄[48;2;255;202;38m[38;2;255;192;22m▄[48;2;255;202;31m[38;2;0;0;0m▄[48;2;76;0;0m[38;2;100;19;0m▄[48;2;255;198;26m[38;2;255;193;25m▄[48;2;255;203;38m[38;2;255;191;18m▄[48;2;253;194;25m[38;2;0;0;0m▄[48;2;255;204;39m[38;2;255;191;23m▄[48;2;165;60;0m[38;2;255;189;19m▄[48;2;0;0;0m[38;2;0;0;0m▄▄▄▄▄▄[0m
[48;2;0;0;0m[38;2;0;0;0m▄▄▄▄▄▄▄▄▄▄▄▄▄▄▄▄▄▄▄▄▄▄▄▄▄▄▄▄▄▄▄▄▄▄▄▄▄▄▄▄▄▄▄▄▄▄▄▄▄▄▄[0m
[48;2;0;0;0m[38;2;0;0;0m▄▄▄▄▄▄▄▄▄▄▄▄▄▄▄▄▄▄▄▄▄▄▄▄▄▄▄▄▄▄▄▄▄▄▄▄▄▄▄▄▄▄▄▄▄▄▄▄▄▄▄[0m
[48;2;0;0;0m[38;2;0;0;0m▄▄▄▄▄▄▄▄▄▄▄▄▄▄▄▄▄▄▄▄▄▄▄▄▄▄▄▄▄▄▄▄▄▄▄▄▄▄▄▄▄▄▄▄▄▄▄▄▄▄▄[0m
[48;2;0;0;0m[38;2;0;0;0m▄▄▄▄▄▄▄▄▄▄▄▄▄▄▄▄▄▄▄▄▄▄▄▄▄▄▄▄▄▄▄▄▄▄▄▄▄▄▄▄▄▄▄▄▄▄▄▄▄▄▄[0m
[48;2;0;0;0m[38;2;0;0;0m▄▄▄▄▄▄▄▄▄▄▄▄▄▄▄▄▄▄▄▄▄▄▄▄▄▄▄▄▄▄▄▄▄▄▄▄▄▄▄▄▄▄▄▄▄▄▄▄▄▄▄[0m
[48;2;0;0;0m[38;2;0;0;0m▄▄▄▄▄▄▄▄▄▄▄▄▄▄▄▄▄▄▄▄▄▄▄▄▄▄▄▄▄▄▄▄▄▄▄▄▄▄▄▄▄▄▄▄▄▄▄▄▄▄▄[0m
