[48;2;0;0;0m[38;2;0;0;0m▄▄▄▄▄▄▄▄▄▄▄▄▄▄▄▄▄▄▄▄▄▄▄▄▄▄▄▄▄▄▄▄▄▄▄▄▄▄▄▄▄▄▄▄▄▄▄▄▄▄▄[0m
[48;2;0;0;0m[38;2;0;0;0m▄▄▄▄▄▄▄▄▄▄▄▄▄▄▄▄▄▄▄▄▄▄▄▄▄▄▄▄▄▄▄▄▄▄▄▄▄▄▄▄▄▄▄▄▄▄▄▄▄▄▄[0m
[48;2;0;0;0m[38;2;0;0;0m▄▄▄▄▄▄▄▄▄▄▄▄▄▄▄▄▄▄▄▄▄▄▄▄▄▄▄▄▄▄▄▄▄▄▄▄▄▄▄▄▄▄▄▄▄▄▄▄▄▄▄[0m
[48;2;0;0;0m[38;2;0;0;0m▄▄▄▄▄▄▄▄▄▄▄▄▄▄▄▄▄▄▄▄▄▄▄▄▄▄▄▄▄▄▄▄▄▄▄▄▄▄▄▄▄▄▄▄▄▄▄▄▄▄▄[0m
[48;2;0;0;0m[38;2;0;0;0m▄▄▄▄▄▄▄▄▄▄▄▄▄▄▄▄▄▄▄▄▄▄▄▄▄▄▄▄▄▄▄▄▄▄▄▄▄▄▄▄▄▄▄▄▄▄▄▄▄▄▄[0m
[48;2;0;0;0m[38;2;0;0;0m▄▄▄▄▄▄▄▄▄▄▄[38;2;255;228;44m▄[48;2;182;60;0m[38;2;239;189;39m▄[48;2;163;43;0m[38;2;255;249;79m▄[48;2;152;38;0m[38;2;168;45;0m▄[48;2;0;0;0m[38;2;255;248;76m▄[38;2;166;44;0m▄[38;2;150;37;0m▄[38;2;254;214;41m▄[38;2;158;41;0m▄[38;2;156;41;0m▄[38;2;155;40;0m▄[38;2;154;39;0m▄[38;2;153;39;0m▄[38;2;147;26;0m▄[38;2;0;0;0m▄▄▄▄▄▄▄▄▄▄▄▄▄▄▄▄▄▄▄▄▄▄▄▄▄▄[0m
[48;2;0;0;0m[38;2;0;0;0m▄▄▄▄▄▄▄▄▄▄▄▄[48;2;255;250;80m[38;2;171;49;0m▄[48;2;195;86;4m[38;2;255;249;80m▄[48;2;163;43;0m[38;2;229;158;18m▄[48;2;255;249;79m[38;2;255;251;82m▄[48;2;171;48;0m▄[48;2;156;40;0m▄[48;2;255;251;82m[38;2;255;249;79m▄[48;2;165;43;0m[38;2;166;44;0m▄[48;2;255;245;78m[38;2;255;239;70m▄[48;2;255;239;69m[38;2;165;44;0m▄[48;2;255;237;69m[38;2;157;42;0m▄[48;2;170;49;0m[38;2;156;41;0m▄[48;2;255;230;61m[38;2;255;231;65m▄[48;2;165;45;0m[38;2;169;49;0m▄[48;2;145;35;0m[38;2;145;35;0m▄[48;2;0;0;0m[38;2;0;0;0m▄[48;2;172;49;0m[38;2;255;229;59m▄[48;2;159;42;0m[38;2;255;227;52m▄[48;2;146;36;0m[38;2;150;38;0m▄[48;2;0;0;0m[38;2;0;0;0m▄▄[38;2;252;219;50m▄[38;2;159;42;0m▄[38;2;143;32;0m▄[38;2;168;46;0m▄[38;2;156;40;0m▄[38;2;150;38;0m▄[38;2;150;30;0m▄[38;2;0;0;0m▄▄▄▄▄▄▄▄▄▄▄[0m
[48;2;0;0;0m[38;2;0;0;0m▄▄▄▄▄▄▄▄▄▄▄[48;2;255;255;0m▄[48;2;255;219;50m▄[48;2;236;186;41m[38;2;255;218;43m▄[48;2;253;227;59m[38;2;0;0;0m▄[48;2;255;249;80m[38;2;255;231;58m▄[48;2;175;53;0m[38;2;177;58;1m▄[48;2;156;41;0m[38;2;158;43;0m▄[48;2;255;240;70m[38;2;255;225;56m▄[48;2;167;46;0m[38;2;171;49;0m▄[48;2;255;230;65m[38;2;255;216;51m▄[48;2;255;226;57m[38;2;165;45;0m▄[48;2;255;221;48m[38;2;154;39;0m▄[48;2;166;45;0m[38;2;155;40;0m▄[48;2;255;224;58m[38;2;255;212;46m▄[48;2;169;49;0m[38;2;170;49;0m▄[48;2;145;35;0m[38;2;146;36;0m▄[48;2;0;0;0m[38;2;0;0;0m▄[48;2;255;224;54m[38;2;255;216;45m▄[48;2;255;222;50m[38;2;255;213;44m▄[48;2;150;37;0m[38;2;149;37;0m▄[48;2;0;0;0m[38;2;0;0;0m▄[38;2;255;215;39m▄[48;2;255;233;68m[38;2;255;226;61m▄[48;2;163;43;0m[38;2;161;42;0m▄[48;2;148;32;0m[38;2;148;32;0m▄[48;2;255;232;66m[38;2;255;229;63m▄[48;2;255;227;52m[38;2;255;217;48m▄[48;2;170;60;0m[38;2;150;37;0m▄[48;2;255;231;61m[38;2;255;227;57m▄[48;2;164;43;0m▄[48;2;146;36;0m[38;2;163;44;0m▄[48;2;171;51;0m[38;2;255;232;66m▄[48;2;156;41;0m[38;2;255;215;37m▄[48;2;151;37;0m[38;2;151;38;0m▄[48;2;0;0;0m[38;2;0;0;0m▄▄▄▄▄▄[0m
[48;2;0;0;0m[38;2;0;0;0m▄▄▄▄▄▄▄▄▄▄▄▄▄▄▄▄▄▄▄▄[48;2;255;202;34m▄[48;2;255;198;31m▄[48;2;255;196;29m▄[48;2;171;49;0m▄[48;2;255;198;34m[38;2;255;195;21m▄[48;2;255;195;29m[38;2;255;192;23m▄[48;2;227;150;19m[38;2;255;193;25m▄[48;2;162;43;0m[38;2;175;50;0m▄[48;2;255;205;39m[38;2;255;191;25m▄[48;2;255;203;37m[38;2;255;195;30m▄[48;2;153;39;0m[38;2;255;194;29m▄[48;2;152;39;0m[38;2;255;193;24m▄[48;2;255;209;36m[38;2;162;44;0m▄[48;2;255;216;50m[38;2;255;204;39m▄[48;2;161;42;0m[38;2;167;45;0m▄[48;2;148;32;0m[38;2;152;39;0m▄[48;2;255;221;54m[38;2;255;210;45m▄[48;2;239;160;23m[38;2;205;116;16m▄[48;2;148;37;0m[38;2;148;36;0m▄[48;2;0;0;0m[38;2;0;0;0m▄[48;2;255;226;60m[38;2;255;217;51m▄[48;2;255;224;57m[38;2;255;220;55m▄[48;2;255;226;57m[38;2;165;44;0m▄[48;2;152;39;0m[38;2;146;36;0m▄[48;2;0;0;0m[38;2;0;0;0m▄▄▄▄▄▄▄[0m
[48;2;0;0;0m[38;2;0;0;0m▄▄▄▄▄▄▄▄▄▄▄▄▄▄▄▄▄▄▄▄▄▄▄▄▄▄▄▄▄▄[48;2;255;191;21m▄[48;2;255;192;18m▄[48;2;163;40;0m▄[48;2;255;194;21m▄[48;2;255;193;28m▄[38;2;255;196;19m▄[48;2;255;197;32m[38;2;0;0;0m▄[48;2;161;42;0m▄[48;2;0;0;0m[38;2;255;192;14m▄[48;2;255;201;33m[38;2;255;193;27m▄[48;2;255;204;38m[38;2;161;43;0m▄[48;2;255;207;40m[38;2;255;208;23m▄[48;2;255;205;35m[38;2;255;197;33m▄[48;2;156;40;0m[38;2;167;45;0m▄[48;2;0;0;0m[38;2;147;36;0m▄[38;2;0;0;0m▄▄▄▄▄▄[0m
[48;2;0;0;0m[38;2;0;0;0m▄▄▄▄▄▄▄▄▄▄▄▄▄▄▄▄▄▄▄▄▄▄▄▄▄▄▄▄▄▄▄▄▄▄▄▄▄▄▄▄▄▄[48;2;255;192;19m▄[48;2;255;191;14m▄[48;2;159;40;0m▄[48;2;0;0;0m▄▄▄▄▄▄[0m
[48;2;0;0;0m[38;2;0;0;0m▄▄▄▄▄▄▄▄▄▄▄▄▄▄▄▄▄▄▄▄▄▄▄▄▄▄▄▄▄▄▄▄▄▄▄▄▄▄▄▄▄▄▄▄▄▄▄▄▄▄▄[0m
[48;2;0;0;0m[38;2;0;0;0m▄▄▄▄▄▄▄▄▄▄▄▄▄▄▄▄▄▄▄▄▄▄▄▄▄▄▄▄▄▄▄▄▄▄▄▄▄▄▄▄▄▄▄▄▄▄▄▄▄▄▄[0m
[48;2;0;0;0m[38;2;0;0;0m▄▄▄▄▄▄▄▄▄▄▄▄▄▄▄▄▄▄▄▄▄▄▄▄▄▄▄▄▄▄▄▄▄▄▄▄▄▄▄▄▄▄▄▄▄▄▄▄▄▄▄[0m
[48;2;0;0;0m[38;2;0;0;0m▄▄▄▄▄▄▄▄▄▄▄▄▄▄▄▄▄▄▄▄▄▄▄▄▄▄▄▄▄▄▄▄▄▄▄▄▄▄▄▄▄▄▄▄▄▄▄▄▄▄▄[0m
