[48;2;0;0;0m[38;2;0;0;0m▄▄▄▄▄▄▄▄▄▄▄▄▄▄▄▄▄▄▄▄▄▄▄▄▄▄▄▄▄▄▄▄▄▄▄▄▄▄▄▄▄▄▄▄▄▄▄▄▄▄▄[0m
[48;2;0;0;0m[38;2;0;0;0m▄▄▄▄▄▄▄▄▄▄▄▄▄▄▄▄▄▄▄▄▄▄▄▄▄▄▄▄▄▄▄▄▄▄▄▄▄▄▄▄▄▄▄▄▄▄▄▄▄▄▄[0m
[48;2;0;0;0m[38;2;0;0;0m▄▄▄▄▄▄▄▄▄▄▄▄▄▄▄▄▄▄▄▄▄▄▄▄▄▄▄▄▄▄▄▄▄▄▄▄▄▄▄▄▄▄▄▄▄▄▄▄▄▄▄[0m
[48;2;0;0;0m[38;2;0;0;0m▄▄▄▄▄▄▄▄▄▄▄▄▄▄▄▄▄▄▄▄▄▄▄▄▄▄▄▄▄▄▄▄▄▄▄▄▄▄▄▄▄▄▄▄▄▄▄▄▄▄▄[0m
[48;2;0;0;0m[38;2;0;0;0m▄▄▄▄▄▄▄▄▄▄▄▄▄▄▄▄▄▄▄▄▄▄▄▄▄▄▄▄▄▄▄▄▄▄▄▄▄▄▄▄▄▄▄▄▄▄▄▄▄▄▄[0m
[48;2;0;0;0m[38;2;0;0;0m▄▄▄▄▄▄▄▄▄▄▄▄▄▄▄▄▄▄▄▄▄▄▄▄▄▄▄▄[38;2;177;44;0m▄[38;2;0;0;0m▄▄▄[38;2;174;47;0m▄[38;2;183;53;0m▄[38;2;0;0;0m▄[38;2;177;49;0m▄[38;2;205;103;6m▄[38;2;176;49;0m▄[38;2;254;213;37m▄[38;2;242;188;26m▄[38;2;182;51;0m▄[38;2;255;232;62m▄[38;2;0;0;0m▄▄▄▄▄▄▄▄▄[0m
[48;2;0;0;0m[38;2;0;0;0m▄▄▄▄▄▄[38;2;175;49;0m▄[38;2;178;50;0m▄[38;2;245;190;34m▄[38;2;182;55;0m▄[38;2;0;0;0m▄[38;2;178;50;0m▄[38;2;255;229;61m▄[38;2;255;218;44m▄[38;2;0;0;0m▄[48;2;174;48;0m[38;2;206;87;2m▄[48;2;178;49;0m[38;2;255;232;65m▄[48;2;0;0;0m[38;2;0;0;0m▄[48;2;177;50;0m[38;2;255;229;57m▄[48;2;178;50;0m[38;2;255;234;68m▄[48;2;179;51;0m[38;2;255;232;65m▄[48;2;183;59;0m[38;2;255;231;61m▄[48;2;186;68;2m[38;2;255;227;58m▄[48;2;176;48;0m[38;2;179;51;0m▄[48;2;255;230;51m[38;2;255;239;71m▄[48;2;0;0;0m[38;2;0;0;0m▄▄[48;2;172;46;0m[38;2;172;46;0m▄[48;2;255;229;44m[38;2;255;239;58m▄[48;2;255;248;78m[38;2;255;249;79m▄[48;2;0;0;0m[38;2;0;0;0m▄▄[48;2;181;51;0m[38;2;182;53;0m▄[48;2;255;251;83m[38;2;255;251;83m▄[48;2;0;0;0m[38;2;0;0;0m▄[48;2;183;52;0m[38;2;180;50;0m▄[48;2;255;250;82m[38;2;255;250;80m▄[48;2;0;0;0m[38;2;0;0;0m▄[48;2;191;67;0m[38;2;176;48;0m▄[48;2;255;239;69m[38;2;255;229;61m▄[48;2;254;214;37m[38;2;255;228;62m▄[48;2;255;227;56m[38;2;0;0;0m▄[48;2;0;0;0m▄▄▄▄▄▄▄▄▄[0m
[48;2;0;0;0m[38;2;0;0;0m▄▄▄▄▄[48;2;177;55;0m▄[48;2;255;225;53m[38;2;255;226;59m▄[48;2;255;230;61m[38;2;255;224;55m▄[48;2;255;214;38m[38;2;204;104;13m▄[48;2;255;232;64m[38;2;184;57;0m▄[48;2;255;209;30m[38;2;0;0;0m▄[48;2;174;47;0m[38;2;175;48;0m▄[48;2;255;231;65m[38;2;255;225;58m▄[48;2;255;228;57m[38;2;255;223;57m▄[48;2;176;49;0m[38;2;255;220;53m▄[48;2;189;65;2m[38;2;255;221;55m▄[48;2;255;230;65m[38;2;255;222;56m▄[48;2;0;0;0m[38;2;0;0;0m▄[48;2;255;223;53m[38;2;255;216;47m▄[48;2;255;228;62m[38;2;255;220;55m▄[48;2;177;49;0m[38;2;255;217;45m▄[48;2;176;48;0m[38;2;255;218;47m▄[48;2;184;52;0m[38;2;255;205;24m▄[48;2;181;52;0m[38;2;182;54;0m▄[48;2;255;232;67m[38;2;255;222;56m▄[48;2;0;0;0m[38;2;0;0;0m▄[38;2;176;39;0m▄[48;2;173;46;0m[38;2;174;47;0m▄[48;2;255;245;71m[38;2;255;236;63m▄[48;2;255;249;78m[38;2;255;241;71m▄[48;2;0;0;0m[38;2;178;50;0m▄[38;2;179;50;0m▄[48;2;180;50;0m[38;2;180;51;0m▄[48;2;255;251;83m[38;2;255;247;78m▄[48;2;0;0;0m[38;2;250;197;25m▄[48;2;181;50;0m[38;2;247;193;32m▄[48;2;255;242;74m[38;2;255;228;60m▄[48;2;167;45;0m[38;2;180;51;0m▄[48;2;184;52;0m[38;2;255;203;35m▄[48;2;255;218;51m[38;2;255;204;33m▄[48;2;255;214;47m[38;2;191;70;3m▄[48;2;255;204;29m[38;2;255;196;27m▄[48;2;0;0;0m[38;2;0;0;0m▄▄▄▄▄▄▄▄▄[0m
[48;2;0;0;0m[38;2;0;0;0m▄▄▄▄▄[38;2;182;54;0m▄[48;2;255;204;20m[38;2;239;168;21m▄[48;2;255;217;46m[38;2;245;176;18m▄[48;2;255;217;48m[38;2;174;47;0m▄[48;2;255;217;51m[38;2;255;200;31m▄[48;2;255;209;38m[38;2;255;203;36m▄[48;2;179;51;0m[38;2;177;50;0m▄[48;2;255;214;48m[38;2;255;200;35m▄[48;2;255;212;42m[38;2;255;199;31m▄[48;2;255;211;35m[38;2;0;0;0m▄[48;2;180;58;2m[38;2;182;57;1m▄[48;2;255;210;46m[38;2;255;197;34m▄[48;2;0;0;0m[38;2;0;0;0m▄[48;2;255;206;39m[38;2;255;193;25m▄[48;2;255;207;42m[38;2;255;195;31m▄[48;2;179;50;0m[38;2;255;194;28m▄[48;2;177;50;0m[38;2;255;193;28m▄[48;2;178;51;0m[38;2;255;194;23m▄[48;2;183;54;0m[38;2;186;56;0m▄[48;2;255;207;43m[38;2;255;196;27m▄[48;2;255;204;36m[38;2;255;198;27m▄[48;2;255;206;40m[38;2;255;202;29m▄[48;2;255;207;36m[38;2;255;206;27m▄[48;2;255;220;51m[38;2;255;201;13m▄[48;2;255;228;62m[38;2;0;0;0m▄[48;2;255;232;65m▄[48;2;255;235;67m▄[48;2;0;0;0m▄[48;2;251;189;16m▄[48;2;255;227;58m▄[48;2;255;220;49m▄[48;2;0;0;0m▄▄▄▄▄▄▄▄▄▄▄▄▄▄▄[0m
[48;2;0;0;0m[38;2;0;0;0m▄▄▄▄▄▄[48;2;255;194;23m▄[48;2;255;194;29m▄[48;2;255;190;24m▄[48;2;255;192;25m▄[48;2;255;194;17m▄[48;2;0;0;0m▄[48;2;255;190;21m▄[48;2;255;193;20m▄[48;2;0;0;0m▄[48;2;194;60;0m▄[48;2;255;192;20m▄[48;2;0;0;0m▄▄▄▄▄▄▄▄▄▄▄▄▄▄▄▄▄▄▄▄▄▄▄▄▄▄▄▄▄▄▄▄▄▄[0m
[48;2;0;0;0m[38;2;0;0;0m▄▄▄▄▄▄▄▄▄▄▄▄▄▄▄▄▄▄▄▄▄▄▄▄▄▄▄▄▄▄▄▄▄▄▄▄▄▄▄▄▄▄▄▄▄▄▄▄▄▄▄[0m
[48;2;0;0;0m[38;2;0;0;0m▄▄▄▄▄▄▄▄▄▄▄▄▄▄▄▄▄▄▄▄▄▄▄▄▄▄▄▄▄▄▄▄▄▄▄▄▄▄▄▄▄▄▄▄▄▄▄▄▄▄▄[0m
[48;2;0;0;0m[38;2;0;0;0m▄▄▄▄▄▄▄▄▄▄▄▄▄▄▄▄▄▄▄▄▄▄▄▄▄▄▄▄▄▄▄▄▄▄▄▄▄▄▄▄▄▄▄▄▄▄▄▄▄▄▄[0m
[48;2;0;0;0m[38;2;0;0;0m▄▄▄▄▄▄▄▄▄▄▄▄▄▄▄▄▄▄▄▄▄▄▄▄▄▄▄▄▄▄▄▄▄▄▄▄▄▄▄▄▄▄▄▄▄▄▄▄▄▄▄[0m
[48;2;0;0;0m[38;2;0;0;0m▄▄▄▄▄▄▄▄▄▄▄▄▄▄▄▄▄▄▄▄▄▄▄▄▄▄▄▄▄▄▄▄▄▄▄▄▄▄▄▄▄▄▄▄▄▄▄▄▄▄▄[0m
