[48;2;0;0;0m[38;2;0;0;0m▄▄▄▄▄▄▄▄▄▄▄▄▄▄▄▄▄▄▄▄▄▄▄▄▄▄▄▄▄▄▄▄▄▄▄▄▄▄▄▄▄▄▄▄▄▄▄▄▄▄▄[0m
[48;2;0;0;0m[38;2;0;0;0m▄▄▄▄▄▄▄▄▄▄▄▄▄▄▄▄▄▄▄▄▄▄▄▄▄▄▄▄▄▄▄▄▄▄▄▄▄▄▄▄▄▄▄▄▄▄▄▄▄▄▄[0m
[48;2;0;0;0m[38;2;0;0;0m▄▄▄▄▄▄▄▄▄▄▄▄▄▄▄▄▄▄▄▄▄▄▄▄▄▄▄▄▄▄▄▄▄▄▄▄▄▄▄▄▄▄▄▄▄▄▄▄▄▄▄[0m
[48;2;0;0;0m[38;2;0;0;0m▄▄▄▄▄▄▄▄▄▄▄▄▄▄▄▄▄▄▄▄▄▄▄▄▄▄▄▄▄▄▄▄▄▄▄▄▄▄▄▄▄▄▄▄▄▄▄▄▄▄▄[0m
[48;2;0;0;0m[38;2;0;0;0m▄▄▄▄▄▄▄▄▄▄▄▄▄▄▄▄▄▄▄▄▄▄▄▄▄▄▄▄▄▄▄▄▄▄▄▄▄▄▄▄▄▄▄▄▄▄▄▄▄▄▄[0m
[48;2;0;0;0m[38;2;0;0;0m▄▄▄▄▄▄▄▄▄▄▄▄▄▄▄▄▄▄▄▄▄▄▄▄▄▄▄[38;2;104;18;0m▄[38;2;115;27;0m▄[38;2;0;0;0m▄▄[38;2;110;21;0m▄[38;2;172;99;11m▄[38;2;219;142;7m▄[38;2;122;26;0m▄[38;2;255;248;77m▄[48;2;106;21;0m[38;2;122;26;0m▄[48;2;0;0;0m[38;2;255;248;78m▄[48;2;107;20;0m[38;2;128;29;0m▄[48;2;118;25;0m[38;2;255;248;78m▄[48;2;148;42;0m[38;2;0;0;0m▄[48;2;0;0;0m▄▄▄▄▄▄▄▄▄▄[0m
[48;2;0;0;0m[38;2;0;0;0m▄▄▄▄▄▄▄▄[38;2;105;21;0m▄[38;2;0;0;0m▄▄[38;2;93;16;0m▄[38;2;114;23;0m▄[38;2;119;26;0m▄[38;2;0;0;0m▄[38;2;111;21;0m▄[38;2;254;223;51m▄[38;2;255;228;55m▄[48;2;105;20;0m[38;2;121;25;0m▄[48;2;111;22;0m[38;2;255;232;65m▄[48;2;114;24;0m[38;2;255;233;67m▄[48;2;115;24;0m[38;2;255;233;66m▄[48;2;115;25;0m[38;2;255;230;61m▄[48;2;117;24;0m[38;2;124;26;0m▄[48;2;253;212;40m[38;2;255;233;67m▄[48;2;0;0;0m[38;2;0;0;0m▄▄[48;2;115;24;0m[38;2;116;24;0m▄[48;2;255;239;69m[38;2;255;237;67m▄[48;2;255;232;52m[38;2;255;231;50m▄[48;2;0;0;0m[38;2;0;0;0m▄[48;2;116;23;0m[38;2;116;23;0m▄[48;2;255;250;79m[38;2;255;251;82m▄[48;2;227;145;6m[38;2;220;122;2m▄[48;2;127;29;0m[38;2;124;27;0m▄[48;2;255;250;81m[38;2;255;251;80m▄[48;2;109;20;0m[38;2;107;20;0m▄[48;2;198;126;10m[38;2;127;27;0m▄[48;2;255;248;79m[38;2;255;243;76m▄[48;2;255;242;70m[38;2;255;223;45m▄[48;2;0;0;0m[38;2;0;0;0m▄▄▄▄▄▄▄▄▄▄▄[0m
[48;2;0;0;0m[38;2;0;0;0m▄▄▄▄▄▄[48;2;107;21;0m[38;2;120;25;0m▄[48;2;145;53;1m[38;2;255;232;64m▄[48;2;255;229;60m[38;2;204;144;19m▄[48;2;255;231;63m[38;2;115;24;0m▄[48;2;255;226;55m[38;2;255;226;56m▄[48;2;0;0;0m[38;2;255;196;13m▄[48;2;153;51;0m[38;2;126;28;0m▄[48;2;255;234;68m[38;2;255;229;63m▄[48;2;0;0;0m[38;2;142;48;1m▄[48;2;114;23;0m[38;2;174;96;15m▄[48;2;255;229;63m[38;2;255;224;57m▄[48;2;255;231;61m[38;2;255;223;54m▄[48;2;122;26;0m[38;2;121;25;0m▄[48;2;255;230;64m[38;2;255;222;57m▄[48;2;113;22;0m[38;2;255;219;52m▄[48;2;115;24;0m[38;2;255;218;49m▄[48;2;95;0;0m[38;2;255;215;39m▄[48;2;125;28;0m[38;2;127;29;0m▄[48;2;255;226;60m[38;2;255;216;49m▄[48;2;0;0;0m[38;2;127;0;0m▄[38;2;0;0;0m▄[48;2;115;24;0m[38;2;116;24;0m▄[48;2;255;229;61m[38;2;255;217;49m▄[48;2;255;219;45m[38;2;216;121;10m▄[48;2;0;0;0m[38;2;117;24;0m▄[48;2;116;23;0m[38;2;161;82;10m▄[48;2;255;249;80m[38;2;254;230;59m▄[48;2;174;78;0m[38;2;255;236;68m▄[48;2;126;27;0m[38;2;255;237;67m▄[48;2;255;250;81m[38;2;255;230;55m▄[48;2;121;25;0m[38;2;128;28;0m▄[48;2;255;230;60m[38;2;255;220;48m▄[48;2;159;67;6m[38;2;0;0;0m▄[48;2;255;216;48m[38;2;255;201;29m▄[48;2;0;0;0m[38;2;0;0;0m▄▄▄▄▄▄▄▄▄▄▄[0m
[48;2;0;0;0m[38;2;0;0;0m▄▄▄▄▄▄[48;2;116;25;0m▄[48;2;255;226;60m[38;2;136;48;0m▄[48;2;255;223;55m[38;2;255;209;34m▄[48;2;255;219;50m[38;2;255;213;42m▄[48;2;255;213;38m[38;2;255;214;48m▄[48;2;0;0;0m[38;2;255;207;38m▄[48;2;121;25;0m[38;2;120;25;0m▄[48;2;255;220;55m[38;2;255;209;45m▄[48;2;255;218;51m[38;2;0;0;0m▄[48;2;255;217;48m[38;2;111;22;0m▄[48;2;255;216;50m[38;2;255;201;35m▄[48;2;255;212;46m[38;2;255;197;33m▄[48;2;122;26;0m[38;2;124;28;0m▄[48;2;255;210;46m[38;2;255;198;35m▄[48;2;112;22;0m[38;2;255;195;29m▄[48;2;114;23;0m[38;2;255;194;28m▄[48;2;114;25;0m[38;2;255;193;25m▄[48;2;127;29;0m[38;2;132;30;0m▄[48;2;255;202;38m[38;2;255;193;24m▄[48;2;255;197;30m▄[48;2;255;196;30m[38;2;255;195;23m▄[48;2;225;128;7m[38;2;0;0;0m▄[48;2;255;202;34m▄[48;2;255;204;38m▄[48;2;255;209;41m▄[48;2;255;210;35m▄[48;2;0;0;0m▄▄▄▄▄▄▄▄▄▄▄▄▄▄▄▄▄▄▄[0m
[48;2;0;0;0m[38;2;0;0;0m▄▄▄▄▄▄[48;2;118;25;0m▄[48;2;255;200;31m[38;2;255;193;24m▄[48;2;112;24;0m[38;2;255;192;27m▄[48;2;121;26;0m[38;2;255;191;24m▄[48;2;255;198;33m[38;2;255;191;21m▄[48;2;255;198;27m[38;2;0;0;0m▄[48;2;123;28;0m[38;2;127;0;0m▄[48;2;255;195;33m[38;2;255;196;19m▄[48;2;0;0;0m[38;2;0;0;0m▄[48;2;111;22;0m▄[48;2;255;190;21m▄[48;2;255;192;20m▄[48;2;123;24;0m▄[48;2;255;191;19m▄[48;2;255;191;21m▄[48;2;0;0;0m▄▄▄▄▄▄▄▄▄▄▄▄▄▄▄▄▄▄▄▄▄▄▄▄▄▄▄▄▄▄[0m
[48;2;0;0;0m[38;2;0;0;0m▄▄▄▄▄▄▄▄▄▄▄▄▄▄▄▄▄▄▄▄▄▄▄▄▄▄▄▄▄▄▄▄▄▄▄▄▄▄▄▄▄▄▄▄▄▄▄▄▄▄▄[0m
[48;2;0;0;0m[38;2;0;0;0m▄▄▄▄▄▄▄▄▄▄▄▄▄▄▄▄▄▄▄▄▄▄▄▄▄▄▄▄▄▄▄▄▄▄▄▄▄▄▄▄▄▄▄▄▄▄▄▄▄▄▄[0m
[48;2;0;0;0m[38;2;0;0;0m▄▄▄▄▄▄▄▄▄▄▄▄▄▄▄▄▄▄▄▄▄▄▄▄▄▄▄▄▄▄▄▄▄▄▄▄▄▄▄▄▄▄▄▄▄▄▄▄▄▄▄[0m
[48;2;0;0;0m[38;2;0;0;0m▄▄▄▄▄▄▄▄▄▄▄▄▄▄▄▄▄▄▄▄▄▄▄▄▄▄▄▄▄▄▄▄▄▄▄▄▄▄▄▄▄▄▄▄▄▄▄▄▄▄▄[0m
[48;2;0;0;0m[38;2;0;0;0m▄▄▄▄▄▄▄▄▄▄▄▄▄▄▄▄▄▄▄▄▄▄▄▄▄▄▄▄▄▄▄▄▄▄▄▄▄▄▄▄▄▄▄▄▄▄▄▄▄▄▄[0m
