[48;2;0;0;0m[38;2;0;0;0m▄▄▄▄▄▄▄▄▄▄▄▄▄▄▄▄▄▄▄▄▄▄▄▄▄▄▄▄▄▄▄▄▄▄▄▄▄▄▄▄▄▄▄▄▄▄▄▄▄▄▄[0m
[48;2;0;0;0m[38;2;0;0;0m▄▄▄▄▄▄▄▄▄▄▄▄▄▄▄▄▄▄▄▄▄▄▄▄▄▄▄▄▄▄▄▄▄▄▄▄▄▄▄▄▄▄▄▄▄▄▄▄▄▄▄[0m
[48;2;0;0;0m[38;2;0;0;0m▄▄▄▄▄▄▄▄▄▄▄▄▄▄▄▄▄▄▄▄▄▄▄▄▄▄▄▄▄▄▄▄▄▄▄▄▄▄▄▄▄▄▄▄▄▄▄▄▄▄▄[0m
[48;2;0;0;0m[38;2;0;0;0m▄▄▄▄▄▄▄▄▄▄▄▄▄▄▄▄▄▄▄▄▄▄▄▄▄▄▄▄▄▄▄▄▄▄▄▄▄▄▄▄▄▄▄▄▄▄▄▄▄▄▄[0m
[48;2;0;0;0m[38;2;0;0;0m▄▄▄▄▄▄▄▄▄▄▄▄▄▄▄▄▄▄▄▄▄▄▄▄▄▄▄▄▄▄▄▄▄▄▄▄▄▄▄▄▄▄▄▄▄▄▄▄▄▄▄[0m
[48;2;0;0;0m[38;2;0;0;0m▄▄▄▄▄▄▄▄[38;2;127;0;0m▄[38;2;187;56;0m▄[38;2;183;53;0m▄[38;2;177;49;0m▄[38;2;0;0;0m▄[38;2;183;54;0m▄[38;2;178;49;0m▄[38;2;0;0;0m▄[38;2;181;51;0m▄[38;2;179;51;0m▄[38;2;0;0;0m▄[38;2;177;44;0m▄▄[38;2;0;0;0m▄▄▄▄▄▄▄▄▄▄▄▄▄▄▄▄▄▄▄▄▄▄▄▄▄▄▄▄▄▄[0m
[48;2;0;0;0m[38;2;0;0;0m▄▄▄▄▄▄▄[48;2;255;204;20m[38;2;255;204;0m▄[48;2;255;232;64m[38;2;255;226;59m▄[48;2;247;206;49m[38;2;254;216;46m▄[48;2;255;232;64m[38;2;197;65;0m▄[48;2;190;59;0m[38;2;184;54;0m▄[48;2;206;114;14m[38;2;255;211;34m▄[48;2;255;240;70m[38;2;255;237;69m▄[48;2;182;52;0m[38;2;184;52;0m▄[48;2;0;0;0m[38;2;182;52;0m▄[48;2;255;250;80m[38;2;255;251;83m▄[48;2;184;52;0m[38;2;185;54;0m▄[48;2;255;225;48m[38;2;255;234;57m▄[48;2;255;249;79m[38;2;255;250;80m▄[48;2;255;250;80m[38;2;189;58;0m▄[38;2;255;213;24m▄[48;2;255;239;65m[38;2;252;189;12m▄[48;2;0;0;0m[38;2;0;0;0m▄[48;2;255;250;81m[38;2;255;252;84m▄[48;2;181;51;0m[38;2;183;52;0m▄[48;2;0;0;0m[38;2;0;0;0m▄▄▄[48;2;231;127;9m[38;2;255;240;71m▄[48;2;184;54;0m[38;2;190;59;0m▄[48;2;0;0;0m[38;2;0;0;0m▄▄[38;2;255;182;11m▄[48;2;182;52;0m[38;2;255;234;68m▄[48;2;179;51;0m[38;2;184;56;0m▄[48;2;0;0;0m[38;2;0;0;0m▄[48;2;184;52;0m[38;2;255;230;63m▄[48;2;179;50;0m[38;2;255;230;62m▄[48;2;0;0;0m[38;2;0;0;0m▄[48;2;184;53;0m[38;2;255;229;59m▄[48;2;180;51;0m[38;2;255;229;61m▄[48;2;0;0;0m[38;2;0;0;0m▄[48;2;255;0;0m[38;2;249;195;23m▄[48;2;180;49;0m[38;2;255;230;61m▄[48;2;178;51;0m[38;2;255;184;8m▄[48;2;0;0;0m[38;2;0;0;0m▄▄▄▄▄[0m
[48;2;0;0;0m[38;2;0;0;0m▄▄▄▄▄▄▄[38;2;255;199;19m▄[48;2;187;56;0m[38;2;255;198;31m▄[48;2;255;216;46m[38;2;187;54;0m▄[48;2;255;218;51m[38;2;254;198;31m▄[48;2;254;207;34m[38;2;255;204;36m▄[48;2;184;53;0m[38;2;182;50;0m▄[48;2;255;228;63m[38;2;255;214;49m▄[48;2;255;233;66m[38;2;185;53;0m▄[48;2;255;238;69m[38;2;0;0;0m▄[48;2;255;246;79m[38;2;255;234;67m▄[48;2;187;56;0m[38;2;196;68;0m▄[48;2;255;226;52m[38;2;255;221;46m▄[48;2;255;251;83m[38;2;255;250;83m▄[48;2;255;251;82m[38;2;185;54;0m▄[48;2;255;248;77m[38;2;177;48;0m▄[48;2;193;69;1m[38;2;255;0;0m▄[48;2;0;0;0m[38;2;0;0;0m▄[48;2;255;252;84m[38;2;255;247;80m▄[48;2;183;52;0m[38;2;182;52;0m▄[48;2;0;0;0m[38;2;0;0;0m▄▄[48;2;255;181;13m[38;2;255;187;20m▄[48;2;255;235;69m[38;2;255;224;59m▄[48;2;187;57;0m[38;2;182;53;0m▄[48;2;0;0;0m[38;2;0;0;0m▄▄[48;2;255;189;21m[38;2;255;211;37m▄[48;2;255;228;63m[38;2;255;219;54m▄[48;2;178;46;0m[38;2;176;48;0m▄[48;2;0;0;0m[38;2;0;0;0m▄[48;2;255;224;56m[38;2;255;217;49m▄[48;2;255;227;59m[38;2;255;220;50m▄[48;2;0;0;0m[38;2;0;0;0m▄▄[48;2;255;229;63m[38;2;254;210;37m▄[48;2;232;154;16m[38;2;255;222;58m▄[48;2;255;229;62m[38;2;255;220;51m▄[48;2;255;207;29m[38;2;0;0;0m▄[48;2;0;0;0m▄▄▄▄▄▄[0m
[48;2;0;0;0m[38;2;0;0;0m▄▄▄▄▄▄▄▄[48;2;255;193;19m▄[48;2;255;191;24m▄[48;2;255;192;24m▄[48;2;199;77;0m▄[48;2;0;0;0m▄[48;2;255;200;31m▄[48;2;186;55;0m▄[48;2;0;0;0m▄[48;2;255;217;50m▄[48;2;201;89;8m▄[48;2;255;224;37m▄[48;2;255;237;71m▄[48;2;255;237;68m[38;2;255;214;26m▄[48;2;255;237;67m[38;2;255;222;43m▄[48;2;255;233;60m[38;2;255;211;32m▄[48;2;0;0;0m[38;2;0;0;0m▄[48;2;255;234;68m[38;2;255;218;46m▄[48;2;255;219;51m[38;2;255;211;38m▄[48;2;255;214;44m[38;2;255;208;38m▄[48;2;255;208;34m[38;2;255;203;32m▄[48;2;255;194;26m[38;2;255;194;20m▄[48;2;255;210;46m[38;2;255;198;31m▄[48;2;188;61;1m[38;2;255;195;28m▄[48;2;185;57;0m▄[48;2;183;54;0m[38;2;255;195;25m▄[48;2;255;182;0m[38;2;0;0;0m▄[48;2;255;206;42m[38;2;255;194;23m▄[48;2;183;54;0m[38;2;255;193;28m▄[48;2;181;51;0m[38;2;255;193;27m▄[48;2;255;205;39m[38;2;255;195;29m▄[48;2;255;205;37m[38;2;255;196;15m▄[48;2;0;0;0m[38;2;179;48;0m▄[48;2;181;52;0m[38;2;255;194;26m▄[48;2;255;208;42m[38;2;255;197;28m▄[48;2;255;209;42m[38;2;0;0;0m▄[48;2;255;210;43m[38;2;255;198;31m▄[48;2;180;53;0m[38;2;255;194;25m▄[48;2;0;0;0m[38;2;0;0;0m▄▄▄▄▄▄[0m
[48;2;0;0;0m[38;2;0;0;0m▄▄▄▄▄▄▄▄▄▄▄▄▄▄▄▄▄▄▄▄▄▄▄▄▄▄▄▄▄▄▄▄▄▄▄▄▄▄▄[48;2;255;188;0m▄[48;2;255;191;19m▄[48;2;255;255;0m▄[48;2;0;0;0m▄[48;2;255;189;15m▄[48;2;255;192;20m▄[48;2;196;72;0m▄[48;2;0;0;0m▄▄▄▄▄[0m
[48;2;0;0;0m[38;2;0;0;0m▄▄▄▄▄▄▄▄▄▄▄▄▄▄▄▄▄▄▄▄▄▄▄▄▄▄▄▄▄▄▄▄▄▄▄▄▄▄▄▄▄▄▄▄▄▄▄▄▄▄▄[0m
[48;2;0;0;0m[38;2;0;0;0m▄▄▄▄▄▄▄▄▄▄▄▄▄▄▄▄▄▄▄▄▄▄▄▄▄▄▄▄▄▄▄▄▄▄▄▄▄▄▄▄▄▄▄▄▄▄▄▄▄▄▄[0m
[48;2;0;0;0m[38;2;0;0;0m▄▄▄▄▄▄▄▄▄▄▄▄▄▄▄▄▄▄▄▄▄▄▄▄▄▄▄▄▄▄▄▄▄▄▄▄▄▄▄▄▄▄▄▄▄▄▄▄▄▄▄[0m
[48;2;0;0;0m[38;2;0;0;0m▄▄▄▄▄▄▄▄▄▄▄▄▄▄▄▄▄▄▄▄▄▄▄▄▄▄▄▄▄▄▄▄▄▄▄▄▄▄▄▄▄▄▄▄▄▄▄▄▄▄▄[0m
[48;2;0;0;0m[38;2;0;0;0m▄▄▄▄▄▄▄▄▄▄▄▄▄▄▄▄▄▄▄▄▄▄▄▄▄▄▄▄▄▄▄▄▄▄▄▄▄▄▄▄▄▄▄▄▄▄▄▄▄▄▄[0m
