[48;2;0;0;0m[38;2;0;0;0m▄▄▄▄▄▄▄▄▄▄▄▄▄▄▄▄▄▄▄▄▄▄▄▄▄▄▄▄▄▄▄▄▄▄▄▄▄▄▄▄▄▄▄▄▄▄▄▄▄▄▄[0m
[48;2;0;0;0m[38;2;0;0;0m▄▄▄▄▄▄▄▄▄▄▄▄▄▄▄▄▄▄▄▄▄▄▄▄▄▄▄▄▄▄▄▄▄▄▄▄▄▄▄▄▄▄▄▄▄▄▄▄▄▄▄[0m
[48;2;0;0;0m[38;2;0;0;0m▄▄▄▄▄▄▄▄▄▄▄▄▄▄▄▄▄▄▄▄▄▄▄▄▄▄▄▄▄▄▄▄▄▄▄▄▄▄▄▄▄▄▄▄▄▄▄▄▄▄▄[0m
[48;2;0;0;0m[38;2;0;0;0m▄▄▄▄▄▄▄▄▄▄▄▄▄▄▄▄▄▄▄▄▄▄▄▄▄▄▄▄▄▄▄▄▄▄▄▄▄▄▄▄▄▄▄▄▄▄▄▄▄▄▄[0m
[48;2;0;0;0m[38;2;0;0;0m▄▄▄▄▄▄▄▄▄▄▄▄▄▄▄▄▄▄▄▄▄▄▄▄▄▄▄▄▄▄▄▄▄▄▄▄▄▄▄▄▄▄▄▄▄▄▄▄▄▄▄[0m
[48;2;0;0;0m[38;2;0;0;0m▄▄▄▄▄▄▄▄▄▄▄▄▄▄▄▄▄▄▄▄▄▄▄▄▄▄▄▄▄▄▄▄▄▄▄▄▄▄▄[38;2;177;44;0m▄[38;2;191;63;0m▄[38;2;0;0;0m▄[38;2;179;48;0m▄[38;2;182;51;0m▄[38;2;0;0;0m▄▄▄▄▄▄▄[0m
[48;2;0;0;0m[38;2;0;0;0m▄▄▄▄▄▄[38;2;255;224;54m▄[48;2;190;67;1m[38;2;255;230;62m▄[48;2;194;75;5m[38;2;255;215;39m▄[48;2;183;53;0m[38;2;255;233;65m▄[48;2;179;47;0m[38;2;198;83;5m▄[48;2;0;0;0m[38;2;0;0;0m▄[48;2;195;76;6m[38;2;255;234;68m▄[48;2;182;53;0m[38;2;183;52;0m▄[48;2;0;0;0m[38;2;0;0;0m▄[48;2;248;157;10m[38;2;255;230;62m▄[48;2;253;184;20m[38;2;255;232;65m▄[48;2;0;0;0m[38;2;0;0;0m▄[48;2;254;208;30m[38;2;255;237;67m▄[48;2;255;214;37m[38;2;255;241;72m▄[48;2;255;225;40m[38;2;255;244;74m▄[48;2;255;233;46m[38;2;255;245;72m▄[48;2;251;191;16m[38;2;254;204;19m▄[48;2;190;62;0m[38;2;195;61;0m▄[48;2;255;245;74m[38;2;255;252;84m▄[48;2;0;0;0m[38;2;0;0;0m▄▄▄[48;2;178;49;0m[38;2;178;48;0m▄[48;2;255;251;81m[38;2;255;252;84m▄[48;2;0;0;0m[38;2;0;0;0m▄▄▄[48;2;197;80;3m[38;2;199;87;6m▄[48;2;255;243;73m[38;2;255;243;75m▄[48;2;0;0;0m[38;2;0;0;0m▄[48;2;183;53;0m[38;2;184;53;0m▄[48;2;255;234;66m[38;2;255;233;66m▄[48;2;255;223;44m[38;2;255;214;40m▄[48;2;201;87;4m[38;2;0;0;0m▄[48;2;255;231;63m[38;2;255;227;57m▄[48;2;255;255;0m[38;2;255;226;58m▄[48;2;188;55;0m[38;2;255;226;59m▄[48;2;255;231;62m[38;2;255;217;39m▄[48;2;0;0;0m[38;2;0;0;0m▄▄▄▄▄▄▄[0m
[48;2;0;0;0m[38;2;0;0;0m▄▄▄▄▄▄[48;2;255;223;54m[38;2;255;0;0m▄[48;2;255;224;56m[38;2;255;212;39m▄[48;2;229;155;26m[38;2;255;215;44m▄[48;2;191;58;0m[38;2;255;217;50m▄[48;2;180;50;0m[38;2;255;207;34m▄[48;2;0;0;0m[38;2;0;0;0m▄[48;2;255;227;61m[38;2;255;217;51m▄[48;2;254;211;43m[38;2;255;217;50m▄[48;2;255;214;46m[38;2;255;216;49m▄[48;2;255;225;58m▄[48;2;255;227;60m[38;2;255;217;50m▄[48;2;0;0;0m[38;2;0;0;0m▄[48;2;255;230;64m[38;2;255;221;53m▄[48;2;255;233;65m[38;2;255;223;55m▄[48;2;240;178;37m[38;2;255;226;48m▄[48;2;253;211;46m[38;2;255;224;43m▄[48;2;255;153;0m[38;2;255;170;0m▄[48;2;189;53;0m[38;2;189;52;0m▄[48;2;255;252;84m[38;2;255;250;82m▄[48;2;0;0;0m[38;2;0;0;0m▄▄▄[48;2;182;50;0m[38;2;182;51;0m▄[48;2;255;252;84m[38;2;255;251;83m▄[48;2;0;0;0m[38;2;255;0;0m▄▄[38;2;0;0;0m▄[48;2;211;103;10m[38;2;228;125;11m▄[48;2;255;236;69m[38;2;255;224;59m▄[48;2;0;0;0m[38;2;255;0;0m▄[48;2;178;52;0m[38;2;183;52;0m▄[48;2;255;225;59m[38;2;255;213;48m▄[48;2;255;219;46m[38;2;255;210;33m▄[48;2;0;0;0m[38;2;181;50;0m▄[48;2;184;53;0m[38;2;255;204;34m▄[48;2;255;222;56m[38;2;255;209;42m▄[48;2;255;220;53m[38;2;255;208;43m▄[48;2;0;0;0m[38;2;255;198;24m▄[38;2;0;0;0m▄▄▄▄▄▄▄[0m
[48;2;0;0;0m[38;2;0;0;0m▄▄▄▄▄▄[48;2;255;196;26m[38;2;255;194;17m▄[48;2;254;195;25m[38;2;255;192;25m▄[48;2;182;52;0m[38;2;255;189;23m▄[48;2;255;202;33m[38;2;255;191;24m▄[48;2;255;200;33m[38;2;255;193;15m▄[48;2;0;0;0m[38;2;0;0;0m▄[48;2;255;203;40m[38;2;255;190;24m▄[48;2;227;146;21m[38;2;232;144;12m▄[48;2;0;0;0m[38;2;0;0;0m▄[48;2;255;199;31m[38;2;255;192;18m▄[48;2;255;204;40m[38;2;255;194;24m▄[48;2;0;0;0m[38;2;0;0;0m▄[48;2;255;206;40m[38;2;255;192;21m▄[48;2;255;208;42m[38;2;255;197;28m▄[48;2;230;123;9m[38;2;255;203;36m▄[48;2;253;189;27m[38;2;255;207;40m▄[48;2;255;202;30m[38;2;255;205;33m▄[48;2;189;52;0m[38;2;191;55;0m▄[48;2;255;237;71m[38;2;255;220;46m▄[48;2;255;234;64m[38;2;255;220;47m▄[48;2;255;238;70m[38;2;255;224;48m▄[48;2;255;236;67m[38;2;255;210;34m▄[48;2;183;53;0m[38;2;215;114;6m▄[48;2;255;240;73m[38;2;255;222;46m▄[48;2;255;227;58m[38;2;255;218;39m▄[48;2;255;220;53m[38;2;255;210;33m▄[48;2;255;210;41m[38;2;255;200;23m▄[48;2;191;63;0m[38;2;0;0;0m▄[48;2;255;208;42m▄[48;2;255;200;34m[38;2;255;195;21m▄[48;2;255;197;31m▄[48;2;255;200;31m[38;2;0;0;0m▄[48;2;177;49;0m▄[48;2;209;96;6m▄[48;2;255;196;30m▄[48;2;0;0;0m▄[48;2;254;194;24m▄[48;2;255;194;26m▄[48;2;0;0;0m▄▄▄▄▄▄▄[0m
[48;2;0;0;0m[38;2;0;0;0m▄▄▄▄▄▄▄▄▄▄▄▄▄▄▄▄▄▄▄▄▄▄▄▄▄▄▄▄▄▄▄▄▄▄▄▄▄▄▄▄▄▄▄▄▄▄▄▄▄▄▄[0m
[48;2;0;0;0m[38;2;0;0;0m▄▄▄▄▄▄▄▄▄▄▄▄▄▄▄▄▄▄▄▄▄▄▄▄▄▄▄▄▄▄▄▄▄▄▄▄▄▄▄▄▄▄▄▄▄▄▄▄▄▄▄[0m
[48;2;0;0;0m[38;2;0;0;0m▄▄▄▄▄▄▄▄▄▄▄▄▄▄▄▄▄▄▄▄▄▄▄▄▄▄▄▄▄▄▄▄▄▄▄▄▄▄▄▄▄▄▄▄▄▄▄▄▄▄▄[0m
[48;2;0;0;0m[38;2;0;0;0m▄▄▄▄▄▄▄▄▄▄▄▄▄▄▄▄▄▄▄▄▄▄▄▄▄▄▄▄▄▄▄▄▄▄▄▄▄▄▄▄▄▄▄▄▄▄▄▄▄▄▄[0m
[48;2;0;0;0m[38;2;0;0;0m▄▄▄▄▄▄▄▄▄▄▄▄▄▄▄▄▄▄▄▄▄▄▄▄▄▄▄▄▄▄▄▄▄▄▄▄▄▄▄▄▄▄▄▄▄▄▄▄▄▄▄[0m
[48;2;0;0;0m[38;2;0;0;0m▄▄▄▄▄▄▄▄▄▄▄▄▄▄▄▄▄▄▄▄▄▄▄▄▄▄▄▄▄▄▄▄▄▄▄▄▄▄▄▄▄▄▄▄▄▄▄▄▄▄▄[0m
