[48;2;0;0;0m[38;2;0;0;0m▄▄▄▄▄▄▄▄▄▄▄▄▄▄▄▄▄▄▄▄▄▄▄▄▄▄▄▄▄▄▄▄▄▄▄▄▄▄▄▄▄▄▄▄▄▄▄▄▄▄▄[0m
[48;2;0;0;0m[38;2;0;0;0m▄▄▄▄▄▄▄▄▄▄▄▄▄▄▄▄▄▄▄▄▄▄▄▄▄▄▄▄▄▄▄▄▄▄▄▄▄▄▄▄▄▄▄▄▄▄▄▄▄▄▄[0m
[48;2;0;0;0m[38;2;0;0;0m▄▄▄▄▄▄▄▄▄▄▄▄▄▄▄▄▄▄▄▄▄▄▄▄▄▄▄▄▄▄▄▄▄▄▄▄▄▄▄▄▄▄▄▄▄▄▄▄▄▄▄[0m
[48;2;0;0;0m[38;2;0;0;0m▄▄▄▄▄▄▄▄▄▄▄▄▄▄▄▄▄▄▄▄▄▄▄▄▄▄▄▄▄▄▄▄▄▄▄▄▄▄▄▄▄▄▄▄▄▄▄▄▄▄▄[0m
[48;2;0;0;0m[38;2;0;0;0m▄▄▄▄▄▄▄▄▄▄▄▄▄▄▄▄▄▄▄▄▄▄▄▄▄▄▄▄▄▄▄▄▄▄▄▄▄▄▄▄▄▄▄▄▄▄▄▄▄▄▄[0m
[48;2;0;0;0m[38;2;0;0;0m▄▄▄▄▄▄▄▄▄▄▄[38;2;255;248;79m▄[48;2;128;29;0m[38;2;254;236;62m▄[48;2;116;24;0m[38;2;254;239;66m▄[48;2;104;19;0m[38;2;125;26;0m▄[48;2;0;0;0m[38;2;255;249;78m▄[38;2;122;26;0m▄[38;2;254;232;53m▄[38;2;174;102;12m▄[38;2;115;24;0m▄[38;2;121;27;0m▄[38;2;115;24;0m▄[38;2;113;23;0m▄[38;2;112;21;0m▄[38;2;0;0;0m▄▄▄▄▄▄▄▄▄▄▄▄▄▄▄▄▄▄▄▄▄▄▄▄▄▄▄[0m
[48;2;0;0;0m[38;2;0;0;0m▄▄▄▄▄▄▄▄▄▄▄[48;2;255;243;74m▄[48;2;253;214;36m[38;2;255;240;68m▄[48;2;138;35;0m[38;2;255;248;79m▄[48;2;121;27;0m[38;2;129;29;0m▄[48;2;255;249;79m[38;2;255;251;83m▄[48;2;126;28;0m[38;2;255;250;81m▄[48;2;255;245;72m[38;2;255;251;82m▄[48;2;255;238;56m[38;2;255;234;53m▄[48;2;222;159;34m[38;2;188;128;31m▄[48;2;255;250;81m[38;2;255;246;78m▄[48;2;255;244;76m[38;2;125;27;0m▄[48;2;255;238;65m[38;2;119;25;0m▄[48;2;127;28;0m[38;2;114;24;0m▄[48;2;255;232;64m[38;2;255;233;68m▄[48;2;127;29;0m[38;2;131;31;0m▄[48;2;104;18;0m[38;2;104;18;0m▄[48;2;0;0;0m[38;2;0;0;0m▄[48;2;131;24;0m[38;2;255;229;60m▄[48;2;120;26;0m[38;2;255;232;63m▄[48;2;107;20;0m[38;2;113;22;0m▄[48;2;0;0;0m[38;2;0;0;0m▄▄[38;2;255;228;59m▄[38;2;123;26;0m▄[38;2;103;20;0m▄[38;2;130;31;0m▄[38;2;117;25;0m▄[38;2;112;22;0m▄[38;2;118;25;0m▄[38;2;112;22;0m▄[38;2;0;0;0m▄▄▄▄▄▄▄▄▄▄[0m
[48;2;0;0;0m[38;2;0;0;0m▄▄▄▄▄▄▄▄▄▄▄[48;2;255;213;43m▄[48;2;131;30;0m[38;2;255;209;36m▄[48;2;255;237;70m[38;2;240;188;30m▄[48;2;132;31;0m[38;2;0;0;0m▄[48;2;255;250;82m[38;2;255;237;68m▄[48;2;126;28;0m[38;2;125;27;0m▄[48;2;255;236;64m[38;2;255;223;55m▄[48;2;255;235;56m[38;2;255;232;62m▄[48;2;186;121;24m[38;2;185;113;20m▄[48;2;255;237;69m[38;2;255;221;52m▄[48;2;255;231;63m[38;2;124;26;0m▄[48;2;255;225;51m[38;2;115;23;0m▄[48;2;124;26;0m[38;2;113;22;0m▄[48;2;255;225;60m[38;2;255;214;48m▄[48;2;131;31;0m[38;2;131;31;0m▄[48;2;104;18;0m[38;2;106;20;0m▄[48;2;0;0;0m[38;2;0;0;0m▄[48;2;255;224;58m[38;2;255;216;49m▄[48;2;255;225;58m[38;2;255;216;48m▄[48;2;113;22;0m[38;2;113;22;0m▄[48;2;0;0;0m[38;2;0;0;0m▄▄[48;2;255;232;66m[38;2;255;225;59m▄[48;2;127;27;0m[38;2;125;27;0m▄[48;2;104;20;0m[38;2;104;20;0m▄[48;2;255;229;62m[38;2;255;223;56m▄[48;2;255;232;63m[38;2;255;228;60m▄[48;2;118;25;0m[38;2;115;23;0m▄[48;2;255;228;56m[38;2;255;210;24m▄[48;2;254;226;54m[38;2;255;230;64m▄[48;2;116;24;0m[38;2;129;29;0m▄[48;2;255;197;16m[38;2;255;230;62m▄[48;2;205;148;28m[38;2;255;229;60m▄[48;2;120;26;0m[38;2;111;22;0m▄[48;2;0;0;0m[38;2;0;0;0m▄▄▄▄▄▄[0m
[48;2;0;0;0m[38;2;0;0;0m▄▄▄▄▄▄▄▄▄▄▄▄▄▄▄▄▄▄[48;2;255;216;39m▄[48;2;255;206;32m▄[48;2;255;206;39m▄[48;2;255;202;35m▄[48;2;255;199;32m▄[48;2;130;29;0m▄[48;2;255;199;35m[38;2;255;192;20m▄[48;2;255;196;30m[38;2;255;193;23m▄[48;2;252;191;26m[38;2;255;192;25m▄[48;2;124;28;0m[38;2;239;168;16m▄[48;2;255;203;39m[38;2;255;194;27m▄[48;2;255;204;38m[38;2;255;194;30m▄[48;2;118;24;0m[38;2;255;194;29m▄[48;2;108;21;0m[38;2;255;193;27m▄[48;2;102;25;0m[38;2;124;27;0m▄[48;2;255;214;49m[38;2;255;202;36m▄[48;2;125;27;0m[38;2;234;166;22m▄[48;2;104;20;0m[38;2;118;24;0m▄[48;2;255;215;45m[38;2;255;205;38m▄[48;2;255;218;50m[38;2;255;207;39m▄[48;2;114;22;0m[38;2;113;23;0m▄[48;2;0;0;0m[38;2;0;0;0m▄[48;2;255;221;51m[38;2;255;211;43m▄[48;2;255;224;58m[38;2;255;217;52m▄[48;2;255;225;59m[38;2;255;212;41m▄[48;2;113;24;0m[38;2;116;23;0m▄[48;2;0;0;0m[38;2;0;0;0m▄▄▄▄▄▄▄[0m
[48;2;0;0;0m[38;2;0;0;0m▄▄▄▄▄▄▄▄▄▄▄▄▄▄▄▄▄▄▄▄▄▄▄▄▄▄▄▄▄▄[48;2;255;188;18m▄[48;2;255;191;19m▄[48;2;122;26;0m▄[48;2;255;192;17m▄[48;2;255;192;26m▄[48;2;255;192;28m▄[48;2;255;195;30m▄[48;2;181;99;9m▄[48;2;0;0;0m[38;2;255;190;7m▄[48;2;255;196;26m[38;2;255;192;23m▄[48;2;255;202;37m[38;2;212;137;12m▄[48;2;173;96;10m[38;2;0;0;0m▄[48;2;255;205;41m[38;2;255;194;26m▄[48;2;128;28;0m[38;2;255;193;25m▄[48;2;105;19;0m[38;2;118;24;0m▄[48;2;0;0;0m[38;2;0;0;0m▄▄▄▄▄▄[0m
[48;2;0;0;0m[38;2;0;0;0m▄▄▄▄▄▄▄▄▄▄▄▄▄▄▄▄▄▄▄▄▄▄▄▄▄▄▄▄▄▄▄▄▄▄▄▄▄▄▄▄▄▄▄[48;2;255;193;15m▄[48;2;128;29;0m▄[48;2;0;0;0m▄▄▄▄▄▄[0m
[48;2;0;0;0m[38;2;0;0;0m▄▄▄▄▄▄▄▄▄▄▄▄▄▄▄▄▄▄▄▄▄▄▄▄▄▄▄▄▄▄▄▄▄▄▄▄▄▄▄▄▄▄▄▄▄▄▄▄▄▄▄[0m
[48;2;0;0;0m[38;2;0;0;0m▄▄▄▄▄▄▄▄▄▄▄▄▄▄▄▄▄▄▄▄▄▄▄▄▄▄▄▄▄▄▄▄▄▄▄▄▄▄▄▄▄▄▄▄▄▄▄▄▄▄▄[0m
[48;2;0;0;0m[38;2;0;0;0m▄▄▄▄▄▄▄▄▄▄▄▄▄▄▄▄▄▄▄▄▄▄▄▄▄▄▄▄▄▄▄▄▄▄▄▄▄▄▄▄▄▄▄▄▄▄▄▄▄▄▄[0m
[48;2;0;0;0m[38;2;0;0;0m▄▄▄▄▄▄▄▄▄▄▄▄▄▄▄▄▄▄▄▄▄▄▄▄▄▄▄▄▄▄▄▄▄▄▄▄▄▄▄▄▄▄▄▄▄▄▄▄▄▄▄[0m
