[48;2;0;0;0m[38;2;0;0;0m▄▄▄▄▄▄▄▄▄▄▄▄▄▄▄▄▄▄▄▄▄▄▄▄▄▄▄▄▄▄▄▄▄▄▄▄▄▄▄▄▄▄▄▄▄▄▄▄▄▄▄[0m
[48;2;0;0;0m[38;2;0;0;0m▄▄▄▄▄▄▄▄▄▄▄▄▄▄▄▄▄▄▄▄▄▄▄▄▄▄▄▄▄▄▄▄▄▄▄▄▄▄▄▄▄▄▄▄▄▄▄▄▄▄▄[0m
[48;2;0;0;0m[38;2;0;0;0m▄▄▄▄▄▄▄▄▄▄▄▄▄▄▄▄▄▄▄▄▄▄▄▄▄▄▄▄▄▄▄▄▄▄▄▄▄▄▄▄▄▄▄▄▄▄▄▄▄▄▄[0m
[48;2;0;0;0m[38;2;0;0;0m▄▄▄▄▄▄▄▄▄▄▄▄▄▄▄▄▄▄▄▄▄▄▄▄▄▄▄▄▄▄▄▄▄▄▄▄▄▄▄▄▄▄▄▄▄▄▄▄▄▄▄[0m
[48;2;0;0;0m[38;2;0;0;0m▄▄▄▄▄▄▄▄▄▄▄▄▄▄▄▄▄▄▄▄▄▄▄▄▄▄▄▄▄▄▄▄▄▄▄▄▄▄▄▄▄▄▄▄▄▄▄▄▄▄▄[0m
[48;2;0;0;0m[38;2;0;0;0m▄▄▄▄▄▄▄▄▄▄▄▄▄▄▄▄▄▄▄▄▄▄▄▄▄▄▄▄▄▄▄▄[38;2;81;11;0m▄[38;2;98;18;0m▄[38;2;0;0;0m▄[38;2;81;13;0m▄[38;2;95;16;0m▄[38;2;92;15;0m▄[38;2;102;20;0m▄[38;2;157;85;10m▄[38;2;89;13;0m▄[38;2;104;19;0m▄[38;2;255;222;42m▄[38;2;0;0;0m▄▄▄▄▄▄▄▄[0m
[48;2;0;0;0m[38;2;0;0;0m▄▄▄▄▄▄[38;2;97;17;0m▄[38;2;255;227;57m▄[38;2;255;229;60m▄[38;2;254;213;38m▄[38;2;0;0;0m▄[48;2;70;8;0m[38;2;88;17;0m▄[48;2;89;15;0m[38;2;255;232;64m▄[48;2;0;0;0m[38;2;253;186;16m▄[38;2;0;0;0m▄[48;2;91;15;0m[38;2;255;228;56m▄[48;2;94;16;0m[38;2;255;233;66m▄[48;2;0;0;0m[38;2;0;0;0m▄[48;2;95;16;0m[38;2;255;231;63m▄[48;2;101;19;0m[38;2;255;234;67m▄[48;2;109;30;0m[38;2;255;231;61m▄[48;2;119;43;5m[38;2;255;234;67m▄[48;2;205;109;5m[38;2;255;224;48m▄[48;2;98;16;0m[38;2;99;17;0m▄[48;2;255;235;58m[38;2;255;244;77m▄[48;2;0;0;0m[38;2;0;0;0m▄▄▄[48;2;255;178;6m[38;2;255;190;13m▄[48;2;255;247;75m[38;2;255;250;79m▄[48;2;0;0;0m[38;2;0;0;0m▄▄[48;2;95;14;0m[38;2;95;15;0m▄[48;2;255;249;79m[38;2;255;250;80m▄[48;2;255;239;64m[38;2;255;235;56m▄[48;2;92;14;0m[38;2;92;13;0m▄[48;2;255;249;78m[38;2;255;246;78m▄[48;2;255;248;79m[38;2;255;242;73m▄[48;2;97;16;0m[38;2;0;0;0m▄[48;2;255;236;67m[38;2;157;84;10m▄[48;2;231;160;14m[38;2;255;228;62m▄[48;2;255;230;62m[38;2;255;224;55m▄[48;2;255;212;27m[38;2;0;0;0m▄[48;2;0;0;0m▄▄▄▄▄▄▄▄[0m
[48;2;0;0;0m[38;2;0;0;0m▄▄▄▄▄▄[48;2;255;230;63m[38;2;255;223;55m▄[48;2;223;173;30m[38;2;255;224;56m▄[48;2;0;0;0m[38;2;255;220;51m▄[48;2;255;229;60m[38;2;255;212;38m▄[48;2;255;201;21m[38;2;85;13;0m▄[48;2;90;16;0m[38;2;72;11;0m▄[48;2;255;230;65m[38;2;255;223;58m▄[48;2;194;144;30m[38;2;255;221;55m▄[48;2;95;15;0m[38;2;255;221;54m▄[48;2;255;222;47m[38;2;255;221;55m▄[48;2;255;229;64m▄[48;2;0;0;0m[38;2;0;0;0m▄[48;2;255;226;58m[38;2;255;218;49m▄[48;2;255;227;60m[38;2;255;219;53m▄[48;2;99;16;0m[38;2;255;218;47m▄[48;2;101;18;0m[38;2;255;215;43m▄[48;2;255;175;8m[38;2;255;200;20m▄[48;2;99;16;0m[38;2;99;16;0m▄[48;2;255;238;71m[38;2;255;228;62m▄[48;2;0;0;0m[38;2;0;0;0m▄▄▄[48;2;255;204;20m[38;2;255;211;26m▄[48;2;255;251;81m[38;2;255;249;80m▄[48;2;0;0;0m[38;2;94;16;0m▄[38;2;98;16;0m▄[48;2;96;15;0m[38;2;94;15;0m▄[48;2;255;250;80m[38;2;255;244;74m▄[48;2;255;224;33m[38;2;255;228;56m▄[48;2;95;15;0m[38;2;106;20;0m▄[48;2;255;235;67m[38;2;255;222;54m▄[48;2;255;227;54m[38;2;165;102;17m▄[48;2;94;14;0m[38;2;107;20;0m▄[48;2;214;155;25m[38;2;255;204;38m▄[48;2;255;217;51m[38;2;102;19;0m▄[48;2;255;211;43m[38;2;255;199;33m▄[48;2;0;0;0m[38;2;255;194;21m▄[38;2;0;0;0m▄▄▄▄▄▄▄▄[0m
[48;2;0;0;0m[38;2;0;0;0m▄▄▄▄▄▄[48;2;92;14;0m[38;2;255;200;31m▄[48;2;255;208;35m[38;2;245;184;22m▄[48;2;255;213;41m[38;2;99;18;0m▄[48;2;255;214;48m[38;2;255;198;31m▄[48;2;255;207;38m[38;2;255;198;29m▄[48;2;80;12;0m[38;2;74;12;0m▄[48;2;255;211;47m[38;2;255;198;35m▄[48;2;255;206;33m[38;2;255;192;25m▄[48;2;0;0;0m[38;2;0;0;0m▄[48;2;255;202;35m[38;2;251;180;20m▄[48;2;255;208;44m[38;2;255;195;31m▄[48;2;0;0;0m[38;2;0;0;0m▄[48;2;255;204;39m[38;2;255;189;23m▄[48;2;255;205;39m[38;2;255;194;29m▄[48;2;98;17;0m[38;2;255;193;28m▄[48;2;102;19;0m[38;2;255;194;28m▄[48;2;105;27;1m[38;2;255;195;21m▄[48;2;99;16;0m[38;2;98;17;0m▄[48;2;255;213;48m[38;2;255;200;32m▄[48;2;255;210;41m[38;2;255;203;33m▄[48;2;255;217;48m[38;2;255;209;37m▄[48;2;255;216;43m[38;2;255;202;21m▄[48;2;255;219;44m[38;2;255;213;23m▄[48;2;255;237;70m[38;2;255;127;0m▄[48;2;255;237;68m[38;2;0;0;0m▄[48;2;255;238;70m▄[48;2;0;0;0m▄[48;2;140;63;5m▄[48;2;255;222;54m▄[48;2;255;214;45m▄[48;2;255;208;36m▄[48;2;0;0;0m▄[48;2;255;196;18m▄[48;2;255;196;21m▄[48;2;0;0;0m▄▄▄▄▄▄▄▄▄▄▄[0m
[48;2;0;0;0m[38;2;0;0;0m▄▄▄▄▄▄[48;2;255;190;17m▄[48;2;255;191;24m▄[48;2;255;191;23m▄[48;2;255;190;21m▄[48;2;0;0;0m▄▄[48;2;255;191;20m▄[48;2;255;191;15m▄[48;2;0;0;0m▄[48;2;255;178;0m▄[48;2;0;0;0m▄▄▄▄▄▄▄▄▄▄▄▄▄▄▄▄▄▄▄▄▄▄▄▄▄▄▄▄▄▄▄▄▄▄▄[0m
[48;2;0;0;0m[38;2;0;0;0m▄▄▄▄▄▄▄▄▄▄▄▄▄▄▄▄▄▄▄▄▄▄▄▄▄▄▄▄▄▄▄▄▄▄▄▄▄▄▄▄▄▄▄▄▄▄▄▄▄▄▄[0m
[48;2;0;0;0m[38;2;0;0;0m▄▄▄▄▄▄▄▄▄▄▄▄▄▄▄▄▄▄▄▄▄▄▄▄▄▄▄▄▄▄▄▄▄▄▄▄▄▄▄▄▄▄▄▄▄▄▄▄▄▄▄[0m
[48;2;0;0;0m[38;2;0;0;0m▄▄▄▄▄▄▄▄▄▄▄▄▄▄▄▄▄▄▄▄▄▄▄▄▄▄▄▄▄▄▄▄▄▄▄▄▄▄▄▄▄▄▄▄▄▄▄▄▄▄▄[0m
[48;2;0;0;0m[38;2;0;0;0m▄▄▄▄▄▄▄▄▄▄▄▄▄▄▄▄▄▄▄▄▄▄▄▄▄▄▄▄▄▄▄▄▄▄▄▄▄▄▄▄▄▄▄▄▄▄▄▄▄▄▄[0m
[48;2;0;0;0m[38;2;0;0;0m▄▄▄▄▄▄▄▄▄▄▄▄▄▄▄▄▄▄▄▄▄▄▄▄▄▄▄▄▄▄▄▄▄▄▄▄▄▄▄▄▄▄▄▄▄▄▄▄▄▄▄[0m
