[48;2;0;0;0m[38;2;0;0;0m▄▄▄▄▄▄▄▄▄▄▄▄▄▄▄▄▄▄▄▄▄▄▄▄▄▄▄▄▄▄▄▄▄▄▄▄▄▄▄▄▄▄▄▄▄▄▄▄▄▄▄[0m
[48;2;0;0;0m[38;2;0;0;0m▄▄▄▄▄▄▄▄▄▄▄▄▄▄▄▄▄▄▄▄▄▄▄▄▄▄▄▄▄▄▄▄▄▄▄▄▄▄▄▄▄▄▄▄▄▄▄▄▄▄▄[0m
[48;2;0;0;0m[38;2;0;0;0m▄▄▄▄▄▄▄▄▄▄▄▄▄▄▄▄▄▄▄▄▄▄▄▄▄▄▄▄▄▄▄▄▄▄▄▄▄▄▄▄▄▄▄▄▄▄▄▄▄▄▄[0m
[48;2;0;0;0m[38;2;0;0;0m▄▄▄▄▄▄▄▄▄▄▄▄▄▄▄▄▄▄▄▄▄▄▄▄▄▄▄▄▄▄▄▄▄▄▄▄▄▄▄▄▄▄▄▄▄▄▄▄▄▄▄[0m
[48;2;0;0;0m[38;2;0;0;0m▄▄▄▄▄▄▄▄▄▄▄▄▄▄▄▄▄▄▄▄▄▄▄▄▄▄▄▄▄▄▄▄▄▄▄▄▄▄▄▄▄▄▄▄▄▄▄▄▄▄▄[0m
[48;2;0;0;0m[38;2;0;0;0m▄▄▄▄▄▄▄▄▄▄▄▄▄▄▄▄▄▄▄▄▄▄▄▄▄▄▄[38;2;166;44;0m▄[38;2;174;48;0m▄[38;2;0;0;0m▄▄[38;2;162;43;0m▄[38;2;174;48;0m▄[38;2;199;78;0m▄[38;2;165;43;0m▄[38;2;245;207;38m▄[38;2;255;242;66m▄[38;2;223;133;7m▄[38;2;255;249;79m▄[48;2;167;45;0m[38;2;181;51;0m▄[48;2;179;48;0m[38;2;255;238;68m▄[48;2;0;0;0m[38;2;0;0;0m▄▄▄▄▄▄▄▄▄▄[0m
[48;2;0;0;0m[38;2;0;0;0m▄▄▄▄▄▄▄[38;2;171;46;0m▄[38;2;172;48;0m▄[38;2;177;52;0m▄[38;2;0;0;0m▄[38;2;164;44;0m▄[38;2;191;69;0m▄[38;2;245;191;28m▄[38;2;0;0;0m▄[38;2;174;48;0m▄[48;2;165;38;0m[38;2;255;231;63m▄[48;2;0;0;0m[38;2;255;218;36m▄[48;2;170;46;0m[38;2;220;128;14m▄[48;2;173;49;0m[38;2;255;233;68m▄[38;2;255;234;67m▄[48;2;174;48;0m[38;2;255;232;64m▄[48;2;188;69;1m[38;2;255;227;55m▄[48;2;173;47;0m[38;2;177;49;0m▄[48;2;255;219;45m[38;2;255;234;68m▄[48;2;0;0;0m[38;2;0;0;0m▄▄[48;2;166;45;0m[38;2;167;45;0m▄[48;2;255;247;76m[38;2;255;245;74m▄[48;2;255;249;78m[38;2;255;249;81m▄[48;2;0;0;0m[38;2;0;0;0m▄[48;2;164;43;0m[38;2;165;44;0m▄[48;2;209;105;6m[38;2;209;111;9m▄[48;2;255;251;81m[38;2;255;251;83m▄[48;2;166;44;0m[38;2;167;44;0m▄[48;2;250;229;68m[38;2;254;237;70m▄[48;2;255;250;81m[38;2;255;251;83m▄[48;2;173;47;0m[38;2;168;45;0m▄[48;2;255;248;78m[38;2;215;125;18m▄[48;2;253;202;31m[38;2;255;234;68m▄[48;2;255;227;51m[38;2;0;0;0m▄[48;2;0;0;0m▄▄▄▄▄▄▄▄▄▄[0m
[48;2;0;0;0m[38;2;0;0;0m▄▄▄▄▄▄[48;2;175;49;0m[38;2;255;222;49m▄[48;2;255;229;61m[38;2;255;229;62m▄[48;2;255;230;61m[38;2;171;47;0m▄[48;2;255;233;65m[38;2;231;161;19m▄[48;2;255;222;49m[38;2;255;212;28m▄[48;2;168;45;0m[38;2;169;43;0m▄[48;2;255;230;62m[38;2;255;223;55m▄[38;2;255;226;59m▄[48;2;0;0;0m[38;2;255;218;48m▄[48;2;175;49;0m[38;2;255;221;51m▄[48;2;255;231;66m[38;2;255;224;60m▄[48;2;255;213;29m[38;2;255;211;29m▄[48;2;211;93;3m[38;2;183;56;0m▄[48;2;255;229;64m[38;2;255;221;56m▄[48;2;175;51;0m[38;2;255;218;48m▄[48;2;172;47;0m[38;2;255;217;46m▄[48;2;163;45;0m[38;2;255;209;32m▄[48;2;176;48;0m[38;2;176;48;0m▄[48;2;255;228;62m[38;2;255;217;51m▄[48;2;0;0;0m[38;2;127;0;0m▄[38;2;171;46;0m▄[48;2;167;45;0m[38;2;168;46;0m▄[48;2;255;236;65m[38;2;255;225;55m▄[48;2;255;238;69m[38;2;255;224;55m▄[48;2;0;0;0m[38;2;173;47;0m▄[48;2;165;44;0m[38;2;172;48;0m▄[48;2;210;121;20m[38;2;197;86;3m▄[48;2;255;250;81m[38;2;255;245;77m▄[48;2;170;46;0m[38;2;255;226;51m▄[48;2;254;242;72m[38;2;255;237;69m▄[48;2;255;243;70m[38;2;177;50;0m▄[48;2;178;50;0m[38;2;233;163;25m▄[48;2;255;225;57m[38;2;255;211;39m▄[48;2;255;210;39m[38;2;182;51;0m▄[48;2;255;208;38m[38;2;255;198;26m▄[48;2;0;0;0m[38;2;255;170;0m▄[38;2;0;0;0m▄▄▄▄▄▄▄▄▄[0m
[48;2;0;0;0m[38;2;0;0;0m▄▄▄▄▄[38;2;170;48;0m▄[48;2;234;150;12m[38;2;170;46;0m▄[48;2;255;223;56m[38;2;177;51;0m▄[48;2;255;222;55m[38;2;255;195;15m▄[48;2;255;220;52m[38;2;255;206;32m▄[48;2;255;212;40m[38;2;255;209;46m▄[48;2;167;41;0m[38;2;200;106;9m▄[48;2;255;212;44m[38;2;255;204;36m▄[48;2;255;218;52m[38;2;255;205;40m▄[48;2;255;216;45m[38;2;0;0;0m▄[48;2;254;212;43m[38;2;174;49;0m▄[48;2;255;213;48m[38;2;255;200;36m▄[48;2;255;211;32m[38;2;255;197;26m▄[48;2;178;50;0m[38;2;177;48;0m▄[48;2;255;208;44m[38;2;255;196;33m▄[48;2;172;48;0m[38;2;255;194;28m▄[48;2;172;47;0m[38;2;255;193;28m▄[48;2;174;49;0m[38;2;255;191;23m▄[48;2;176;49;0m[38;2;178;49;0m▄[48;2;255;203;39m[38;2;255;193;24m▄[48;2;255;199;32m[38;2;255;194;25m▄[48;2;255;199;34m[38;2;255;195;24m▄[48;2;246;184;25m[38;2;255;195;15m▄[48;2;255;207;40m[38;2;0;0;0m▄[48;2;255;214;48m▄[48;2;255;219;51m▄[48;2;255;220;49m▄[48;2;0;0;0m▄[48;2;255;202;23m▄[48;2;255;216;41m▄[48;2;0;0;0m▄▄▄▄▄▄▄▄▄▄▄▄▄▄▄▄[0m
[48;2;0;0;0m[38;2;0;0;0m▄▄▄▄▄▄[48;2;255;196;23m▄[48;2;255;200;33m[38;2;255;191;20m▄[48;2;196;86;4m[38;2;255;189;21m▄[48;2;255;193;24m[38;2;255;190;19m▄[48;2;255;197;30m[38;2;0;0;0m▄[48;2;0;0;0m▄[48;2;255;193;24m▄[48;2;255;193;27m▄[48;2;0;0;0m▄[48;2;177;50;0m▄[48;2;255;192;22m▄[48;2;255;192;16m▄[48;2;187;51;0m▄[48;2;255;193;20m▄[48;2;0;0;0m▄▄▄▄▄▄▄▄▄▄▄▄▄▄▄▄▄▄▄▄▄▄▄▄▄▄▄▄▄▄▄[0m
[48;2;0;0;0m[38;2;0;0;0m▄▄▄▄▄▄▄▄▄▄▄▄▄▄▄▄▄▄▄▄▄▄▄▄▄▄▄▄▄▄▄▄▄▄▄▄▄▄▄▄▄▄▄▄▄▄▄▄▄▄▄[0m
[48;2;0;0;0m[38;2;0;0;0m▄▄▄▄▄▄▄▄▄▄▄▄▄▄▄▄▄▄▄▄▄▄▄▄▄▄▄▄▄▄▄▄▄▄▄▄▄▄▄▄▄▄▄▄▄▄▄▄▄▄▄[0m
[48;2;0;0;0m[38;2;0;0;0m▄▄▄▄▄▄▄▄▄▄▄▄▄▄▄▄▄▄▄▄▄▄▄▄▄▄▄▄▄▄▄▄▄▄▄▄▄▄▄▄▄▄▄▄▄▄▄▄▄▄▄[0m
[48;2;0;0;0m[38;2;0;0;0m▄▄▄▄▄▄▄▄▄▄▄▄▄▄▄▄▄▄▄▄▄▄▄▄▄▄▄▄▄▄▄▄▄▄▄▄▄▄▄▄▄▄▄▄▄▄▄▄▄▄▄[0m
[48;2;0;0;0m[38;2;0;0;0m▄▄▄▄▄▄▄▄▄▄▄▄▄▄▄▄▄▄▄▄▄▄▄▄▄▄▄▄▄▄▄▄▄▄▄▄▄▄▄▄▄▄▄▄▄▄▄▄▄▄▄[0m
