[48;2;0;0;0m[38;2;0;0;0m▄▄▄▄▄▄▄▄▄▄▄▄▄▄▄▄▄▄▄▄▄▄▄▄▄▄▄▄▄▄▄▄▄▄▄▄▄▄▄▄▄▄▄▄▄▄▄▄▄▄▄[0m
[48;2;0;0;0m[38;2;0;0;0m▄▄▄▄▄▄▄▄▄▄▄▄▄▄▄▄▄▄▄▄▄▄▄▄▄▄▄▄▄▄▄▄▄▄▄▄▄▄▄▄▄▄▄▄▄▄▄▄▄▄▄[0m
[48;2;0;0;0m[38;2;0;0;0m▄▄▄▄▄▄▄▄▄▄▄▄▄▄▄▄▄▄▄▄▄▄▄▄▄▄▄▄▄▄▄▄▄▄▄▄▄▄▄▄▄▄▄▄▄▄▄▄▄▄▄[0m
[48;2;0;0;0m[38;2;0;0;0m▄▄▄▄▄▄▄▄▄▄▄▄▄▄▄▄▄▄▄▄▄▄▄▄▄▄▄▄▄▄▄▄▄▄▄▄▄▄▄▄▄▄▄▄▄▄▄▄▄▄▄[0m
[48;2;0;0;0m[38;2;0;0;0m▄▄▄▄▄▄▄▄▄▄▄▄▄▄▄▄▄▄▄▄▄▄▄▄▄▄▄▄▄▄▄▄▄▄▄▄▄▄▄▄▄▄▄▄▄▄▄▄▄▄▄[0m
[48;2;0;0;0m[38;2;0;0;0m▄▄▄▄▄▄▄▄▄▄▄[38;2;255;228;44m▄[48;2;157;46;0m[38;2;234;187;40m▄[48;2;133;31;0m[38;2;255;249;79m▄[48;2;123;26;0m[38;2;139;33;0m▄[48;2;0;0;0m[38;2;255;248;76m▄[38;2;137;32;0m▄[38;2;121;25;0m▄[38;2;254;214;42m▄[38;2;130;29;0m▄[38;2;126;28;0m▄[38;2;125;27;0m▄[38;2;124;27;0m▄[38;2;122;25;0m▄[38;2;120;26;0m▄[38;2;0;0;0m▄▄▄▄▄▄▄▄▄▄▄▄▄▄▄▄▄▄▄▄▄▄▄▄▄▄[0m
[48;2;0;0;0m[38;2;0;0;0m▄▄▄▄▄▄▄▄▄▄▄▄[48;2;255;250;80m[38;2;142;35;0m▄[48;2;177;77;4m[38;2;255;249;80m▄[48;2;134;31;0m[38;2;221;155;18m▄[48;2;255;249;79m[38;2;255;251;82m▄[48;2;142;36;0m▄[48;2;127;28;0m▄[48;2;255;251;82m[38;2;255;249;79m▄[48;2;137;32;0m[38;2;137;32;0m▄[48;2;255;245;78m[38;2;255;239;70m▄[48;2;255;239;69m[38;2;136;32;0m▄[48;2;255;237;69m[38;2;128;29;0m▄[48;2;140;35;0m[38;2;126;27;0m▄[48;2;255;230;61m[38;2;255;231;65m▄[48;2;137;33;0m[38;2;141;36;0m▄[48;2;115;23;0m[38;2;115;23;0m▄[48;2;0;0;0m[38;2;0;0;0m▄[48;2;148;32;0m[38;2;255;229;59m▄[48;2;130;29;0m[38;2;255;227;52m▄[48;2;116;24;0m[38;2;121;25;0m▄[48;2;0;0;0m[38;2;0;0;0m▄▄[38;2;252;219;50m▄[38;2;131;30;0m▄[38;2;113;20;0m▄[38;2;139;33;0m▄[38;2;126;27;0m▄[38;2;119;24;0m▄[38;2;120;15;0m▄[38;2;0;0;0m▄▄▄▄▄▄▄▄▄▄▄[0m
[48;2;0;0;0m[38;2;0;0;0m▄▄▄▄▄▄▄▄▄▄▄[48;2;255;255;0m▄[48;2;255;219;50m▄[48;2;232;185;41m[38;2;255;218;43m▄[48;2;253;227;60m[38;2;0;0;0m▄[48;2;255;249;80m[38;2;255;231;58m▄[48;2;147;41;0m[38;2;151;47;0m▄[48;2;126;29;0m[38;2;128;30;0m▄[48;2;255;240;70m[38;2;255;225;56m▄[48;2;139;33;0m[38;2;143;36;0m▄[48;2;255;230;65m[38;2;255;216;51m▄[48;2;255;226;58m[38;2;136;31;0m▄[48;2;255;221;48m[38;2;125;28;0m▄[48;2;137;33;0m[38;2;124;27;0m▄[48;2;255;224;58m[38;2;255;212;46m▄[48;2;141;36;0m[38;2;142;36;0m▄[48;2;115;23;0m[38;2;117;24;0m▄[48;2;0;0;0m[38;2;0;0;0m▄[48;2;255;224;54m[38;2;255;216;45m▄[48;2;255;222;50m[38;2;255;213;44m▄[48;2;121;26;0m[38;2;120;25;0m▄[48;2;0;0;0m[38;2;0;0;0m▄[38;2;255;215;39m▄[48;2;255;233;68m[38;2;255;226;61m▄[48;2;135;31;0m[38;2;132;29;0m▄[48;2;115;16;0m[38;2;115;16;0m▄[48;2;255;232;66m[38;2;255;229;63m▄[48;2;255;227;52m[38;2;255;217;47m▄[48;2;146;49;0m[38;2;120;25;0m▄[48;2;255;231;61m[38;2;255;227;58m▄[48;2;135;31;0m[38;2;255;227;57m▄[48;2;117;24;0m[38;2;134;31;0m▄[48;2;143;40;0m[38;2;255;232;66m▄[48;2;127;28;0m[38;2;255;215;37m▄[48;2;121;25;0m[38;2;122;25;0m▄[48;2;0;0;0m[38;2;0;0;0m▄▄▄▄▄▄[0m
[48;2;0;0;0m[38;2;0;0;0m▄▄▄▄▄▄▄▄▄▄▄▄▄▄▄▄▄▄▄▄[48;2;255;202;34m▄[48;2;255;198;31m▄[48;2;255;196;29m▄[48;2;143;35;0m▄[48;2;255;198;34m[38;2;255;195;21m▄[48;2;255;195;30m[38;2;255;192;23m▄[48;2;219;146;19m[38;2;255;192;25m▄[48;2;133;31;0m[38;2;147;38;0m▄[48;2;255;205;39m[38;2;254;191;25m▄[48;2;255;203;37m[38;2;255;195;30m▄[48;2;124;27;0m[38;2;255;194;29m▄[48;2;117;24;0m[38;2;255;193;24m▄[48;2;255;209;36m[38;2;135;32;0m▄[48;2;255;216;50m[38;2;255;204;39m▄[48;2;132;29;0m[38;2;138;33;0m▄[48;2;115;16;0m[38;2;123;26;0m▄[48;2;255;221;55m[38;2;255;210;45m▄[48;2;239;160;23m[38;2;188;108;16m▄[48;2;119;24;0m[38;2;117;24;0m▄[48;2;0;0;0m[38;2;0;0;0m▄[48;2;255;226;60m[38;2;255;217;51m▄[48;2;255;224;57m[38;2;255;220;55m▄[48;2;255;226;57m[38;2;137;32;0m▄[48;2;123;27;0m[38;2;117;24;0m▄[48;2;0;0;0m[38;2;0;0;0m▄▄▄▄▄▄▄[0m
[48;2;0;0;0m[38;2;0;0;0m▄▄▄▄▄▄▄▄▄▄▄▄▄▄▄▄▄▄▄▄▄▄▄▄▄▄▄▄▄▄[48;2;255;191;21m▄[48;2;255;192;18m▄[48;2;132;31;0m▄[48;2;255;194;21m▄[48;2;255;193;28m▄[38;2;255;196;19m▄[48;2;255;197;32m[38;2;0;0;0m▄[48;2;131;30;0m▄[48;2;0;0;0m[38;2;255;192;14m▄[48;2;255;201;33m[38;2;255;193;27m▄[48;2;255;204;38m[38;2;133;30;0m▄[48;2;255;207;40m[38;2;255;208;23m▄[48;2;255;205;35m[38;2;255;197;33m▄[48;2;128;28;0m[38;2;138;33;0m▄[48;2;0;0;0m[38;2;117;24;0m▄[38;2;0;0;0m▄▄▄▄▄▄[0m
[48;2;0;0;0m[38;2;0;0;0m▄▄▄▄▄▄▄▄▄▄▄▄▄▄▄▄▄▄▄▄▄▄▄▄▄▄▄▄▄▄▄▄▄▄▄▄▄▄▄▄▄▄[48;2;255;191;19m▄[48;2;255;191;14m▄[48;2;128;29;0m▄[48;2;0;0;0m▄▄▄▄▄▄[0m
[48;2;0;0;0m[38;2;0;0;0m▄▄▄▄▄▄▄▄▄▄▄▄▄▄▄▄▄▄▄▄▄▄▄▄▄▄▄▄▄▄▄▄▄▄▄▄▄▄▄▄▄▄▄▄▄▄▄▄▄▄▄[0m
[48;2;0;0;0m[38;2;0;0;0m▄▄▄▄▄▄▄▄▄▄▄▄▄▄▄▄▄▄▄▄▄▄▄▄▄▄▄▄▄▄▄▄▄▄▄▄▄▄▄▄▄▄▄▄▄▄▄▄▄▄▄[0m
[48;2;0;0;0m[38;2;0;0;0m▄▄▄▄▄▄▄▄▄▄▄▄▄▄▄▄▄▄▄▄▄▄▄▄▄▄▄▄▄▄▄▄▄▄▄▄▄▄▄▄▄▄▄▄▄▄▄▄▄▄▄[0m
[48;2;0;0;0m[38;2;0;0;0m▄▄▄▄▄▄▄▄▄▄▄▄▄▄▄▄▄▄▄▄▄▄▄▄▄▄▄▄▄▄▄▄▄▄▄▄▄▄▄▄▄▄▄▄▄▄▄▄▄▄▄[0m
