[48;2;0;0;0m[38;2;0;0;0m▄▄▄▄▄▄▄▄▄▄▄▄▄▄▄▄▄▄▄▄▄▄▄▄▄▄▄▄▄▄▄▄▄▄▄▄▄▄▄▄▄▄▄▄▄▄▄▄▄▄▄[0m
[48;2;0;0;0m[38;2;0;0;0m▄▄▄▄▄▄▄▄▄▄▄▄▄▄▄▄▄▄▄▄▄▄▄▄▄▄▄▄▄▄▄▄▄▄▄▄▄▄▄▄▄▄▄▄▄▄▄▄▄▄▄[0m
[48;2;0;0;0m[38;2;0;0;0m▄▄▄▄▄▄▄▄▄▄▄▄▄▄▄▄▄▄▄▄▄▄▄▄▄▄▄▄▄▄▄▄▄▄▄▄▄▄▄▄▄▄▄▄▄▄▄▄▄▄▄[0m
[48;2;0;0;0m[38;2;0;0;0m▄▄▄▄▄▄▄▄▄▄▄▄▄▄▄▄▄▄▄▄▄▄▄▄▄▄▄▄▄▄▄▄▄▄▄▄▄▄▄▄▄▄▄▄▄▄▄▄▄▄▄[0m
[48;2;0;0;0m[38;2;0;0;0m▄▄▄▄▄▄▄▄▄▄▄▄▄▄▄▄▄▄▄▄▄▄▄▄▄▄▄▄▄▄▄▄▄▄▄▄▄▄▄▄▄▄▄▄▄▄▄▄▄▄▄[0m
[48;2;0;0;0m[38;2;0;0;0m▄▄▄▄▄▄▄▄▄▄▄[38;2;255;248;77m▄[48;2;134;32;0m[38;2;234;189;45m▄[48;2;120;26;0m[38;2;255;248;78m▄[48;2;108;21;0m[38;2;132;31;0m▄[48;2;0;0;0m[38;2;255;248;78m▄[38;2;129;29;0m▄[38;2;229;192;44m▄[38;2;211;137;25m▄[38;2;120;27;0m▄[38;2;122;27;0m▄[38;2;118;25;0m▄[38;2;116;24;0m▄[38;2;114;24;0m▄[38;2;95;0;0m▄[38;2;0;0;0m▄▄▄▄▄▄▄▄▄▄▄▄▄▄▄▄▄▄▄▄▄▄▄▄▄▄[0m
[48;2;0;0;0m[38;2;0;0;0m▄▄▄▄▄▄▄▄▄▄▄[48;2;255;243;71m▄[48;2;255;247;77m[38;2;221;156;20m▄[48;2;138;34;0m[38;2;255;249;79m▄[48;2;123;26;0m[38;2;134;30;0m▄[48;2;255;250;81m[38;2;255;251;83m▄[48;2;134;32;0m[38;2;255;250;81m▄[48;2;222;192;56m▄[48;2;255;252;85m[38;2;255;251;84m▄[48;2;185;112;12m[38;2;184;101;7m▄[48;2;255;248;80m[38;2;255;242;74m▄[48;2;255;242;74m[38;2;128;29;0m▄[48;2;255;238;67m[38;2;121;26;0m▄[48;2;131;30;0m[38;2;120;24;0m▄[48;2;255;230;62m[38;2;255;232;66m▄[48;2;130;30;0m[38;2;134;33;0m▄[48;2;105;20;0m[38;2;106;21;0m▄[48;2;0;0;0m[38;2;0;0;0m▄[48;2;139;32;0m[38;2;255;231;64m▄[48;2;123;27;0m[38;2;255;229;61m▄[48;2;109;21;0m[38;2;115;23;0m▄[48;2;0;0;0m[38;2;0;0;0m▄▄[38;2;255;228;58m▄[38;2;127;28;0m▄[38;2;104;20;0m▄[38;2;133;33;0m▄[38;2;121;27;0m▄[38;2;114;23;0m▄[38;2;120;25;0m▄[38;2;112;21;0m▄[38;2;0;0;0m▄▄▄▄▄▄▄▄▄▄[0m
[48;2;0;0;0m[38;2;0;0;0m▄▄▄▄▄▄▄▄▄▄▄[48;2;255;214;42m▄[48;2;173;87;11m[38;2;255;212;39m▄[48;2;255;236;67m[38;2;251;204;36m▄[48;2;134;31;0m[38;2;0;0;0m▄[48;2;255;250;81m[38;2;255;235;65m▄[48;2;130;29;0m[38;2;131;29;0m▄[48;2;219;144;10m[38;2;220;155;22m▄[48;2;255;245;75m[38;2;255;230;60m▄[48;2;180;77;1m[38;2;156;51;0m▄[48;2;255;234;68m[38;2;255;217;50m▄[48;2;255;229;60m[38;2;129;28;0m▄[48;2;255;222;52m[38;2;118;25;0m▄[48;2;129;28;0m[38;2;115;24;0m▄[48;2;255;225;58m[38;2;255;213;47m▄[48;2;134;33;0m[38;2;135;33;0m▄[48;2;106;21;0m[38;2;108;22;0m▄[48;2;0;0;0m[38;2;0;0;0m▄[48;2;255;226;58m[38;2;255;217;49m▄[48;2;255;224;56m[38;2;255;214;48m▄[48;2;114;23;0m[38;2;113;22;0m▄[48;2;0;0;0m[38;2;0;0;0m▄▄[48;2;255;233;67m[38;2;255;225;60m▄[48;2;134;32;0m[38;2;130;29;0m▄[48;2;106;20;0m[38;2;104;20;0m▄[48;2;255;229;61m[38;2;255;225;58m▄[48;2;255;231;62m[38;2;255;228;59m▄[48;2;120;25;0m[38;2;116;23;0m▄[48;2;255;230;59m[38;2;255;213;32m▄[48;2;248;197;27m[38;2;255;229;62m▄[48;2;115;23;0m[38;2;130;30;0m▄[48;2;250;190;16m[38;2;255;231;64m▄[48;2;173;84;5m[38;2;255;227;56m▄[48;2;118;24;0m[38;2;112;21;0m▄[48;2;0;0;0m[38;2;0;0;0m▄▄▄▄▄▄[0m
[48;2;0;0;0m[38;2;0;0;0m▄▄▄▄▄▄▄▄▄▄▄▄▄▄▄▄▄▄[48;2;255;211;30m▄[48;2;255;207;31m▄[48;2;255;205;37m▄[48;2;255;200;33m▄[48;2;255;198;30m▄[48;2;133;30;0m▄[48;2;255;198;35m[38;2;255;191;19m▄[48;2;255;195;29m[38;2;255;192;23m▄[48;2;241;174;23m[38;2;255;193;26m▄[48;2;126;28;0m[38;2;239;159;15m▄[48;2;255;205;39m[38;2;255;194;27m▄[48;2;254;202;38m[38;2;255;195;31m▄[48;2;119;25;0m[38;2;255;194;29m▄[48;2;110;25;0m[38;2;255;194;25m▄[48;2;85;0;0m[38;2;130;29;0m▄[48;2;255;215;50m[38;2;255;203;38m▄[48;2;127;28;0m[38;2;135;32;0m▄[48;2;104;20;0m[38;2;120;26;0m▄[48;2;255;217;50m[38;2;255;207;41m▄[48;2;255;220;51m[38;2;255;207;38m▄[48;2;114;23;0m[38;2;113;23;0m▄[48;2;0;0;0m[38;2;0;0;0m▄[48;2;255;224;56m[38;2;255;213;46m▄[48;2;255;224;58m[38;2;255;218;54m▄[48;2;255;226;58m[38;2;253;203;32m▄[48;2;116;24;0m[38;2;114;23;0m▄[48;2;0;0;0m[38;2;0;0;0m▄▄▄▄▄▄▄[0m
[48;2;0;0;0m[38;2;0;0;0m▄▄▄▄▄▄▄▄▄▄▄▄▄▄▄▄▄▄▄▄▄▄▄▄▄▄▄▄▄▄[48;2;255;190;20m▄[48;2;255;190;19m▄[48;2;125;26;0m▄[48;2;255;194;19m▄[48;2;255;192;27m▄[48;2;255;193;28m▄[48;2;255;196;31m▄[48;2;150;60;4m▄[48;2;0;0;0m[38;2;255;189;10m▄[48;2;255;198;28m[38;2;255;192;24m▄[48;2;255;203;37m[38;2;192;101;6m▄[48;2;254;202;32m[38;2;0;0;0m▄[48;2;255;205;39m[38;2;255;195;30m▄[48;2;128;28;0m[38;2;255;193;22m▄[48;2;104;20;0m[38;2;117;23;0m▄[48;2;0;0;0m[38;2;0;0;0m▄▄▄▄▄▄[0m
[48;2;0;0;0m[38;2;0;0;0m▄▄▄▄▄▄▄▄▄▄▄▄▄▄▄▄▄▄▄▄▄▄▄▄▄▄▄▄▄▄▄▄▄▄▄▄▄▄▄▄▄▄▄[48;2;255;192;17m▄[48;2;129;29;0m▄[48;2;0;0;0m▄▄▄▄▄▄[0m
[48;2;0;0;0m[38;2;0;0;0m▄▄▄▄▄▄▄▄▄▄▄▄▄▄▄▄▄▄▄▄▄▄▄▄▄▄▄▄▄▄▄▄▄▄▄▄▄▄▄▄▄▄▄▄▄▄▄▄▄▄▄[0m
[48;2;0;0;0m[38;2;0;0;0m▄▄▄▄▄▄▄▄▄▄▄▄▄▄▄▄▄▄▄▄▄▄▄▄▄▄▄▄▄▄▄▄▄▄▄▄▄▄▄▄▄▄▄▄▄▄▄▄▄▄▄[0m
[48;2;0;0;0m[38;2;0;0;0m▄▄▄▄▄▄▄▄▄▄▄▄▄▄▄▄▄▄▄▄▄▄▄▄▄▄▄▄▄▄▄▄▄▄▄▄▄▄▄▄▄▄▄▄▄▄▄▄▄▄▄[0m
[48;2;0;0;0m[38;2;0;0;0m▄▄▄▄▄▄▄▄▄▄▄▄▄▄▄▄▄▄▄▄▄▄▄▄▄▄▄▄▄▄▄▄▄▄▄▄▄▄▄▄▄▄▄▄▄▄▄▄▄▄▄[0m
