[48;2;0;0;0m[38;2;0;0;0m▄▄▄▄▄▄▄▄▄▄▄▄▄▄▄▄▄▄▄▄▄▄▄▄▄▄▄▄▄▄▄▄▄▄▄▄▄▄▄▄▄▄▄▄▄▄▄▄▄▄▄[0m
[48;2;0;0;0m[38;2;0;0;0m▄▄▄▄▄▄▄▄▄▄▄▄▄▄▄▄▄▄▄▄▄▄▄▄▄▄▄▄▄▄▄▄▄▄▄▄▄▄▄▄▄▄▄▄▄▄▄▄▄▄▄[0m
[48;2;0;0;0m[38;2;0;0;0m▄▄▄▄▄▄▄▄▄▄▄▄▄▄▄▄▄▄▄▄▄▄▄▄▄▄▄▄▄▄▄▄▄▄▄▄▄▄▄▄▄▄▄▄▄▄▄▄▄▄▄[0m
[48;2;0;0;0m[38;2;0;0;0m▄▄▄▄▄▄▄▄▄▄▄▄▄▄▄▄▄▄▄▄▄▄▄▄▄▄▄▄▄▄▄▄▄▄▄▄▄▄▄▄▄▄▄▄▄▄▄▄▄▄▄[0m
[48;2;0;0;0m[38;2;0;0;0m▄▄▄▄▄▄▄▄▄▄▄▄▄▄▄▄▄▄▄▄▄▄▄▄▄▄▄▄▄▄▄▄▄▄▄▄▄▄▄▄▄▄▄▄▄▄▄▄▄▄▄[0m
[48;2;0;0;0m[38;2;0;0;0m▄▄▄▄▄▄▄▄▄▄▄▄▄▄▄▄▄▄▄▄▄▄▄▄▄▄[38;2;127;0;0m▄[38;2;151;39;0m▄[38;2;166;44;0m▄[38;2;0;0;0m▄[38;2;143;35;0m▄[38;2;160;41;0m▄[38;2;253;225;50m▄[38;2;153;39;0m▄[38;2;255;211;24m▄[48;2;153;39;0m[38;2;255;242;66m▄[48;2;163;54;0m[38;2;246;199;34m▄[48;2;149;37;0m[38;2;255;238;64m▄[48;2;163;44;0m[38;2;255;248;78m▄[48;2;228;159;10m[38;2;0;0;0m▄[48;2;0;0;0m▄▄▄▄▄▄▄▄▄▄▄[0m
[48;2;0;0;0m[38;2;0;0;0m▄▄▄▄▄▄▄▄▄▄▄▄[38;2;151;38;0m▄[38;2;159;42;0m▄[38;2;0;0;0m▄[38;2;147;36;0m▄[38;2;224;141;9m▄[38;2;252;215;45m▄[48;2;137;39;0m[38;2;161;43;0m▄[48;2;153;40;0m[38;2;255;229;60m▄[48;2;154;39;0m[38;2;255;232;65m▄[48;2;157;42;0m[38;2;255;233;67m▄[48;2;153;40;0m[38;2;255;231;62m▄[48;2;159;41;0m[38;2;165;44;0m▄[48;2;252;202;33m[38;2;255;232;66m▄[48;2;0;0;0m[38;2;0;0;0m▄[48;2;145;35;0m[38;2;145;35;0m▄[48;2;161;42;0m[38;2;162;43;0m▄[48;2;255;236;67m[38;2;255;232;65m▄[48;2;0;0;0m[38;2;0;0;0m▄[48;2;144;35;0m[38;2;145;35;0m▄[48;2;167;45;0m[38;2;168;47;0m▄[48;2;255;251;82m[38;2;255;249;79m▄[48;2;156;40;0m[38;2;158;42;0m▄[48;2;255;240;64m[38;2;255;248;76m▄[48;2;255;245;69m[38;2;255;203;27m▄[48;2;162;42;0m[38;2;164;43;0m▄[48;2;255;250;80m[38;2;255;249;79m▄[48;2;255;248;77m[38;2;255;241;72m▄[48;2;0;0;0m[38;2;0;0;0m▄▄▄▄▄▄▄▄▄▄▄▄[0m
[48;2;0;0;0m[38;2;0;0;0m▄▄▄▄▄▄[38;2;149;37;0m▄[48;2;152;38;0m[38;2;213;130;14m▄[48;2;160;42;0m[38;2;255;231;64m▄[48;2;255;226;53m[38;2;222;161;26m▄[48;2;255;225;52m[38;2;255;230;60m▄[48;2;0;0;0m[38;2;255;225;53m▄[48;2;159;42;0m[38;2;158;41;0m▄[48;2;255;231;64m[38;2;255;228;61m▄[48;2;255;226;53m[38;2;255;225;55m▄[48;2;150;37;0m[38;2;158;42;0m▄[48;2;244;196;39m[38;2;247;196;37m▄[48;2;255;231;65m[38;2;255;225;59m▄[48;2;161;42;0m[38;2;160;42;0m▄[48;2;255;229;62m[38;2;255;222;55m▄[48;2;233;182;41m[38;2;255;220;53m▄[48;2;156;40;0m[38;2;255;218;49m▄[48;2;154;40;0m[38;2;255;217;44m▄[48;2;163;43;0m[38;2;163;43;0m▄[48;2;255;226;60m[38;2;255;215;49m▄[48;2;0;0;0m[38;2;155;37;0m▄[48;2;145;35;0m[38;2;150;35;0m▄[48;2;162;43;0m[38;2;162;43;0m▄[48;2;255;223;56m[38;2;255;211;45m▄[48;2;0;0;0m[38;2;157;41;0m▄[48;2;145;35;0m[38;2;188;93;11m▄[48;2;166;45;0m[38;2;166;46;0m▄[48;2;255;240;71m[38;2;255;225;57m▄[48;2;162;43;0m[38;2;255;227;59m▄[48;2;255;246;76m[38;2;255;233;63m▄[48;2;176;69;8m[38;2;167;45;0m▄[48;2;211;130;19m[38;2;255;223;46m▄[48;2;255;230;55m[38;2;0;0;0m▄[48;2;255;222;53m▄[48;2;255;211;28m▄[48;2;0;0;0m▄▄▄▄▄▄▄▄▄▄▄[0m
[48;2;0;0;0m[38;2;0;0;0m▄▄▄▄▄▄[48;2;151;38;0m▄[48;2;255;225;55m[38;2;182;63;0m▄[48;2;255;227;60m[38;2;255;217;46m▄[48;2;255;213;38m[38;2;255;218;49m▄[48;2;177;62;2m[38;2;255;218;51m▄[48;2;0;0;0m[38;2;255;213;45m▄[48;2;156;40;0m[38;2;160;42;0m▄[48;2;255;222;53m[38;2;255;210;44m▄[48;2;255;221;56m[38;2;255;209;41m▄[48;2;255;220;53m[38;2;149;38;0m▄[48;2;255;218;51m[38;2;207;93;3m▄[48;2;255;216;50m[38;2;255;203;40m▄[48;2;160;42;0m[38;2;160;42;0m▄[48;2;255;211;45m[38;2;255;199;34m▄[48;2;254;203;35m[38;2;255;195;31m▄[48;2;154;39;0m[38;2;255;193;28m▄[38;2;255;193;26m▄[48;2;164;44;0m[38;2;170;48;0m▄[48;2;255;201;37m[38;2;255;191;23m▄[48;2;255;196;29m[38;2;255;192;23m▄[48;2;255;194;29m[38;2;255;195;21m▄[48;2;169;46;0m[38;2;0;0;0m▄[48;2;255;197;30m▄[48;2;255;198;31m▄[48;2;255;202;33m▄[48;2;0;0;0m▄▄▄▄▄▄▄▄▄▄▄▄▄▄▄▄▄▄▄▄[0m
[48;2;0;0;0m[38;2;0;0;0m▄▄▄▄▄▄[48;2;147;36;0m[38;2;255;0;0m▄[48;2;159;41;0m[38;2;254;196;24m▄[48;2;215;125;10m[38;2;255;197;33m▄[48;2;150;39;0m[38;2;255;192;24m▄[48;2;167;45;0m[38;2;255;192;25m▄[48;2;255;204;40m[38;2;255;193;21m▄[48;2;161;43;0m[38;2;170;42;0m▄[48;2;255;198;33m[38;2;255;188;17m▄[48;2;255;198;30m[38;2;255;191;16m▄[48;2;149;37;0m[38;2;0;0;0m▄[48;2;171;51;0m▄[48;2;255;193;27m▄[48;2;161;40;0m▄[48;2;255;193;19m▄[48;2;255;192;20m▄[48;2;0;0;0m▄▄▄▄▄▄▄▄▄▄▄▄▄▄▄▄▄▄▄▄▄▄▄▄▄▄▄▄▄▄[0m
[48;2;0;0;0m[38;2;0;0;0m▄▄▄▄▄▄▄▄[48;2;255;190;17m▄[48;2;255;190;18m▄[48;2;0;0;0m▄▄▄▄▄▄▄▄▄▄▄▄▄▄▄▄▄▄▄▄▄▄▄▄▄▄▄▄▄▄▄▄▄▄▄▄▄▄▄▄▄[0m
[48;2;0;0;0m[38;2;0;0;0m▄▄▄▄▄▄▄▄▄▄▄▄▄▄▄▄▄▄▄▄▄▄▄▄▄▄▄▄▄▄▄▄▄▄▄▄▄▄▄▄▄▄▄▄▄▄▄▄▄▄▄[0m
[48;2;0;0;0m[38;2;0;0;0m▄▄▄▄▄▄▄▄▄▄▄▄▄▄▄▄▄▄▄▄▄▄▄▄▄▄▄▄▄▄▄▄▄▄▄▄▄▄▄▄▄▄▄▄▄▄▄▄▄▄▄[0m
[48;2;0;0;0m[38;2;0;0;0m▄▄▄▄▄▄▄▄▄▄▄▄▄▄▄▄▄▄▄▄▄▄▄▄▄▄▄▄▄▄▄▄▄▄▄▄▄▄▄▄▄▄▄▄▄▄▄▄▄▄▄[0m
[48;2;0;0;0m[38;2;0;0;0m▄▄▄▄▄▄▄▄▄▄▄▄▄▄▄▄▄▄▄▄▄▄▄▄▄▄▄▄▄▄▄▄▄▄▄▄▄▄▄▄▄▄▄▄▄▄▄▄▄▄▄[0m
