[48;2;0;0;0m[38;2;0;0;0m▄▄▄▄▄▄▄▄▄▄▄▄▄▄▄▄▄▄▄▄▄▄▄▄▄▄▄▄▄▄▄▄▄▄▄▄▄▄▄▄▄▄▄▄▄▄▄▄▄▄▄[0m
[48;2;0;0;0m[38;2;0;0;0m▄▄▄▄▄▄▄▄▄▄▄▄▄▄▄▄▄▄▄▄▄▄▄▄▄▄▄▄▄▄▄▄▄▄▄▄▄▄▄▄▄▄▄▄▄▄▄▄▄▄▄[0m
[48;2;0;0;0m[38;2;0;0;0m▄▄▄▄▄▄▄▄▄▄▄▄▄▄▄▄▄▄▄▄▄▄▄▄▄▄▄▄▄▄▄▄▄▄▄▄▄▄▄▄▄▄▄▄▄▄▄▄▄▄▄[0m
[48;2;0;0;0m[38;2;0;0;0m▄▄▄▄▄▄▄▄▄▄▄▄▄▄▄▄▄▄▄▄▄▄▄▄▄▄▄▄▄▄▄▄▄▄▄▄▄▄▄▄▄▄▄▄▄▄▄▄▄▄▄[0m
[48;2;0;0;0m[38;2;0;0;0m▄▄▄▄▄▄▄▄▄▄▄▄▄▄▄▄▄▄▄▄▄▄▄▄▄▄▄▄▄▄▄▄▄▄▄▄▄▄▄▄▄▄▄▄▄▄▄▄▄▄▄[0m
[48;2;0;0;0m[38;2;0;0;0m▄▄▄▄▄▄▄▄▄[38;2;255;219;48m▄[38;2;255;232;63m▄[38;2;190;66;1m▄[38;2;174;48;0m▄[38;2;210;97;3m▄[38;2;183;52;0m▄[38;2;170;45;0m▄[38;2;185;57;0m▄[38;2;178;50;0m▄[38;2;172;47;0m▄[38;2;178;48;0m▄[38;2;177;49;0m▄[38;2;177;48;0m▄[38;2;177;44;0m▄[38;2;0;0;0m▄▄▄▄▄▄▄▄▄▄▄▄▄▄▄▄▄▄▄▄▄▄▄▄▄▄▄▄[0m
[48;2;0;0;0m[38;2;0;0;0m▄▄▄▄▄▄▄▄[48;2;255;219;41m▄[48;2;255;229;61m[38;2;255;224;55m▄[48;2;187;55;0m[38;2;255;224;56m▄[48;2;255;235;62m[38;2;245;186;28m▄[48;2;183;52;0m[38;2;178;49;0m▄[48;2;255;250;81m[38;2;255;244;76m▄[48;2;243;209;54m[38;2;254;242;73m▄[48;2;172;46;0m[38;2;243;164;12m▄[48;2;255;250;81m[38;2;255;250;81m▄[48;2;255;247;74m[38;2;255;250;80m▄[48;2;176;49;0m[38;2;177;49;0m▄[48;2;255;251;81m[38;2;255;252;83m▄[38;2;190;58;0m▄[48;2;255;250;80m[38;2;178;52;0m▄[48;2;255;248;74m[38;2;214;125;4m▄[48;2;177;48;0m[38;2;0;0;0m▄[48;2;255;250;80m[38;2;255;251;83m▄[48;2;179;50;0m[38;2;181;51;0m▄[48;2;0;0;0m[38;2;0;0;0m▄▄[48;2;231;139;11m[38;2;255;208;28m▄[48;2;187;68;3m[38;2;255;234;69m▄[48;2;175;48;0m[38;2;180;52;0m▄[48;2;0;0;0m[38;2;0;0;0m▄▄[38;2;255;206;31m▄[48;2;180;52;0m[38;2;255;233;67m▄[48;2;175;49;0m[38;2;177;49;0m▄[48;2;0;0;0m[38;2;0;0;0m▄[48;2;184;42;0m[38;2;255;228;58m▄[48;2;176;39;0m▄[48;2;0;0;0m[38;2;0;0;0m▄[38;2;255;227;56m▄[38;2;255;211;31m▄[38;2;0;0;0m▄[38;2;182;54;0m▄[38;2;193;67;0m▄[38;2;176;48;0m▄[38;2;0;0;0m▄▄▄▄▄[0m
[48;2;0;0;0m[38;2;0;0;0m▄▄▄▄▄▄▄▄[48;2;249;173;12m▄[48;2;195;66;0m[38;2;255;197;29m▄[48;2;183;52;0m[38;2;254;190;25m▄[48;2;255;220;53m[38;2;255;204;38m▄[48;2;206;96;8m[38;2;185;54;0m▄[48;2;255;233;64m[38;2;255;216;46m▄[48;2;255;239;71m[38;2;255;221;51m▄[48;2;255;249;78m[38;2;174;47;0m▄[48;2;255;250;80m[38;2;255;238;69m▄[48;2;255;251;83m[38;2;255;245;75m▄[48;2;178;49;0m[38;2;182;54;0m▄[48;2;255;251;83m[38;2;255;250;81m▄[48;2;255;250;80m[38;2;188;58;0m▄[48;2;255;248;77m[38;2;176;48;0m▄[48;2;255;208;17m[38;2;178;47;0m▄[48;2;172;44;0m[38;2;180;45;0m▄[48;2;255;243;76m[38;2;255;233;67m▄[48;2;181;51;0m[38;2;182;51;0m▄[48;2;0;0;0m[38;2;0;0;0m▄▄[48;2;255;205;31m[38;2;255;205;35m▄[48;2;255;229;64m[38;2;255;220;54m▄[48;2;179;51;0m[38;2;180;52;0m▄[48;2;0;0;0m[38;2;0;0;0m▄▄[48;2;255;212;40m[38;2;255;215;45m▄[48;2;255;229;64m[38;2;255;221;56m▄[48;2;176;48;0m[38;2;178;51;0m▄[48;2;0;0;0m[38;2;0;0;0m▄[48;2;255;228;60m[38;2;255;221;53m▄[38;2;255;221;51m▄[48;2;0;0;0m[38;2;0;0;0m▄[48;2;255;208;28m▄[48;2;255;231;64m[38;2;255;224;56m▄[48;2;180;51;0m▄[48;2;255;230;61m[38;2;255;226;58m▄[48;2;255;229;61m[38;2;0;0;0m▄[48;2;0;0;0m▄▄▄▄▄▄[0m
[48;2;0;0;0m[38;2;0;0;0m▄▄▄▄▄▄▄▄▄▄▄▄▄[48;2;255;203;28m▄[48;2;255;207;34m▄[48;2;0;0;0m▄[48;2;255;222;48m▄[48;2;255;228;56m▄[48;2;181;52;0m▄[48;2;255;238;70m▄[48;2;255;234;66m▄[48;2;255;228;61m▄[48;2;255;222;52m[38;2;255;214;26m▄[48;2;180;53;0m[38;2;0;0;0m▄[48;2;255;218;53m[38;2;255;205;32m▄[48;2;255;206;39m[38;2;255;201;30m▄[48;2;255;204;36m[38;2;255;199;30m▄[48;2;244;160;14m[38;2;254;196;23m▄[48;2;255;199;31m[38;2;255;192;21m▄[48;2;255;206;42m[38;2;255;194;29m▄[48;2;183;52;0m[38;2;255;193;29m▄[48;2;179;50;0m[38;2;255;194;29m▄[48;2;177;49;0m[38;2;255;194;24m▄[48;2;255;203;32m[38;2;0;0;0m▄[48;2;255;208;44m[38;2;255;197;30m▄[48;2;180;51;0m[38;2;255;194;27m▄[48;2;170;0;0m[38;2;254;193;27m▄[48;2;255;211;45m[38;2;255;199;35m▄[48;2;255;208;40m[38;2;240;162;16m▄[48;2;0;0;0m[38;2;0;0;0m▄[38;2;255;198;27m▄[48;2;255;212;44m[38;2;255;203;37m▄[48;2;255;217;52m[38;2;255;199;24m▄[48;2;255;211;40m[38;2;255;205;40m▄[48;2;178;51;0m[38;2;180;52;0m▄[48;2;0;0;0m[38;2;0;0;0m▄▄▄▄▄▄[0m
[48;2;0;0;0m[38;2;0;0;0m▄▄▄▄▄▄▄▄▄▄▄▄▄▄▄▄▄▄▄▄▄▄▄▄▄▄▄▄▄▄▄▄▄▄▄[48;2;255;190;19m▄[48;2;255;190;21m▄[48;2;255;189;16m▄[48;2;0;0;0m▄[48;2;252;183;8m▄[48;2;255;192;24m▄[48;2;255;184;14m▄[48;2;0;0;0m▄[48;2;255;193;24m▄[48;2;255;192;24m▄[48;2;177;49;0m▄[48;2;0;0;0m▄▄▄▄▄[0m
[48;2;0;0;0m[38;2;0;0;0m▄▄▄▄▄▄▄▄▄▄▄▄▄▄▄▄▄▄▄▄▄▄▄▄▄▄▄▄▄▄▄▄▄▄▄▄▄▄▄▄▄▄▄▄▄▄▄▄▄▄▄[0m
[48;2;0;0;0m[38;2;0;0;0m▄▄▄▄▄▄▄▄▄▄▄▄▄▄▄▄▄▄▄▄▄▄▄▄▄▄▄▄▄▄▄▄▄▄▄▄▄▄▄▄▄▄▄▄▄▄▄▄▄▄▄[0m
[48;2;0;0;0m[38;2;0;0;0m▄▄▄▄▄▄▄▄▄▄▄▄▄▄▄▄▄▄▄▄▄▄▄▄▄▄▄▄▄▄▄▄▄▄▄▄▄▄▄▄▄▄▄▄▄▄▄▄▄▄▄[0m
[48;2;0;0;0m[38;2;0;0;0m▄▄▄▄▄▄▄▄▄▄▄▄▄▄▄▄▄▄▄▄▄▄▄▄▄▄▄▄▄▄▄▄▄▄▄▄▄▄▄▄▄▄▄▄▄▄▄▄▄▄▄[0m
[48;2;0;0;0m[38;2;0;0;0m▄▄▄▄▄▄▄▄▄▄▄▄▄▄▄▄▄▄▄▄▄▄▄▄▄▄▄▄▄▄▄▄▄▄▄▄▄▄▄▄▄▄▄▄▄▄▄▄▄▄▄[0m
