[48;2;0;0;0m[38;2;0;0;0m▄▄▄▄▄▄▄▄▄▄▄▄▄▄▄▄▄▄▄▄▄▄▄▄▄▄▄▄▄▄▄▄▄▄▄▄▄▄▄▄▄▄▄▄▄▄▄▄▄▄▄[0m
[48;2;0;0;0m[38;2;0;0;0m▄▄▄▄▄▄▄▄▄▄▄▄▄▄▄▄▄▄▄▄▄▄▄▄▄▄▄▄▄▄▄▄▄▄▄▄▄▄▄▄▄▄▄▄▄▄▄▄▄▄▄[0m
[48;2;0;0;0m[38;2;0;0;0m▄▄▄▄▄▄▄▄▄▄▄▄▄▄▄▄▄▄▄▄▄▄▄▄▄▄▄▄▄▄▄▄▄▄▄▄▄▄▄▄▄▄▄▄▄▄▄▄▄▄▄[0m
[48;2;0;0;0m[38;2;0;0;0m▄▄▄▄▄▄▄▄▄▄▄▄▄▄▄▄▄▄▄▄▄▄▄▄▄▄▄▄▄▄▄▄▄▄▄▄▄▄▄▄▄▄▄▄▄▄▄▄▄▄▄[0m
[48;2;0;0;0m[38;2;0;0;0m▄▄▄▄▄▄▄▄▄▄▄▄▄▄▄▄▄▄▄▄▄▄▄▄▄▄▄▄▄▄▄▄▄▄▄▄▄▄▄▄▄▄▄▄▄▄▄▄▄▄▄[0m
[48;2;0;0;0m[38;2;0;0;0m▄▄▄▄▄▄▄▄▄▄[38;2;255;236;64m▄[38;2;255;246;76m▄[48;2;173;46;0m[38;2;255;248;78m▄[48;2;170;42;0m[38;2;176;48;0m▄[48;2;0;0;0m[38;2;255;249;79m▄[38;2;181;53;0m▄[38;2;163;43;0m▄[38;2;208;113;13m▄[38;2;174;47;0m▄[38;2;167;44;0m▄[38;2;171;47;0m▄[38;2;169;45;0m▄[38;2;168;45;0m▄[38;2;165;45;0m▄[38;2;0;0;0m▄▄▄▄▄▄▄▄▄▄▄▄▄▄▄▄▄▄▄▄▄▄▄▄▄▄▄[0m
[48;2;0;0;0m[38;2;0;0;0m▄▄▄▄▄▄▄▄▄▄[48;2;255;235;65m▄[48;2;217;121;14m[38;2;255;233;64m▄[48;2;229;118;2m[38;2;255;240;71m▄[48;2;173;47;0m[38;2;182;52;0m▄[48;2;255;251;82m[38;2;255;250;79m▄[48;2;225;102;0m[38;2;255;250;81m▄[48;2;167;46;0m[38;2;255;250;80m▄[48;2;255;250;81m[38;2;255;251;82m▄[48;2;182;53;0m[38;2;180;51;0m▄[48;2;255;251;82m[38;2;255;250;80m▄[38;2;239;199;52m▄[48;2;255;250;81m[38;2;173;48;0m▄[48;2;255;243;73m[38;2;169;46;0m▄[48;2;177;49;0m[38;2;168;46;0m▄[48;2;255;235;65m[38;2;255;236;70m▄[48;2;176;49;0m[38;2;180;52;0m▄[48;2;156;40;0m[38;2;156;40;0m▄[48;2;0;0;0m[38;2;0;0;0m▄[48;2;205;82;0m[38;2;255;231;63m▄[48;2;173;48;0m[38;2;255;232;63m▄[48;2;165;43;0m[38;2;168;45;0m▄[48;2;0;0;0m[38;2;0;0;0m▄▄[38;2;255;227;54m▄[48;2;156;39;0m[38;2;255;228;55m▄[48;2;0;0;0m[38;2;164;43;0m▄[38;2;0;0;0m▄[38;2;203;94;4m▄[38;2;170;46;0m▄[38;2;168;45;0m▄[38;2;171;47;0m▄[38;2;165;44;0m▄[38;2;0;0;0m▄▄▄▄▄▄▄▄▄[0m
[48;2;0;0;0m[38;2;0;0;0m▄▄▄▄▄▄▄▄▄▄[48;2;255;206;34m▄[48;2;183;53;0m[38;2;255;201;32m▄[48;2;255;220;49m[38;2;255;209;40m▄[48;2;254;217;51m[38;2;183;52;0m▄[48;2;255;246;75m[38;2;255;231;62m▄[48;2;250;197;19m[38;2;250;218;51m▄[48;2;198;109;13m[38;2;163;43;0m▄[48;2;255;251;83m[38;2;255;244;77m▄[48;2;180;50;0m[38;2;180;50;0m▄[48;2;255;247;76m[38;2;255;234;65m▄[48;2;255;245;76m[38;2;253;212;47m▄[48;2;255;237;67m[38;2;172;47;0m▄[48;2;255;231;60m[38;2;167;45;0m▄[48;2;176;50;0m[38;2;172;48;0m▄[48;2;255;229;63m[38;2;255;217;51m▄[48;2;179;51;0m[38;2;180;51;0m▄[48;2;156;40;0m[38;2;162;40;0m▄[48;2;0;0;0m[38;2;0;0;0m▄[48;2;255;225;57m[38;2;255;216;47m▄[48;2;255;227;59m[38;2;255;217;49m▄[48;2;168;45;0m[38;2;166;44;0m▄[48;2;0;0;0m[38;2;0;0;0m▄▄[48;2;255;228;60m[38;2;255;222;55m▄[38;2;255;220;51m▄[48;2;164;43;0m[38;2;163;43;0m▄[48;2;0;0;0m[38;2;255;207;31m▄[48;2;255;234;68m[38;2;255;227;62m▄[48;2;175;50;0m[38;2;172;47;0m▄[48;2;255;207;22m[38;2;0;0;0m▄[48;2;255;233;66m[38;2;255;226;56m▄[48;2;176;49;0m[38;2;255;224;55m▄[48;2;162;34;0m[38;2;255;224;53m▄[48;2;255;230;61m[38;2;255;230;63m▄[48;2;255;222;46m[38;2;170;46;0m▄[48;2;0;0;0m[38;2;0;0;0m▄▄▄▄▄▄[0m
[48;2;0;0;0m[38;2;0;0;0m▄▄▄▄▄▄▄▄▄▄▄▄▄▄▄▄▄[48;2;255;221;45m▄[48;2;180;51;0m▄[48;2;255;217;45m▄[48;2;255;215;47m▄[48;2;255;209;43m▄[48;2;255;203;35m▄[48;2;182;54;0m▄[48;2;255;202;38m[38;2;255;195;23m▄[48;2;255;197;31m[38;2;255;194;24m▄[48;2;254;195;28m[38;2;255;193;26m▄[48;2;181;59;1m[38;2;247;178;17m▄[48;2;255;204;37m[38;2;255;193;23m▄[48;2;255;204;39m[38;2;255;194;30m▄[48;2;172;47;0m[38;2;255;194;29m▄[48;2;167;45;0m[38;2;255;194;28m▄[38;2;180;53;0m▄[48;2;255;212;44m[38;2;255;199;30m▄[48;2;255;208;39m[38;2;255;199;32m▄[48;2;164;43;0m[38;2;176;49;0m▄[48;2;255;210;37m[38;2;255;200;32m▄[48;2;255;218;52m[38;2;255;206;41m▄[48;2;170;45;0m[38;2;172;47;0m▄[48;2;0;0;0m[38;2;0;0;0m▄[48;2;255;196;19m[38;2;255;205;35m▄[48;2;255;223;57m[38;2;255;212;46m▄[48;2;255;223;58m[38;2;255;214;48m▄[48;2;198;99;6m[38;2;178;50;0m▄[48;2;0;0;0m[38;2;161;40;0m▄[38;2;0;0;0m▄▄▄▄▄▄[0m
[48;2;0;0;0m[38;2;0;0;0m▄▄▄▄▄▄▄▄▄▄▄▄▄▄▄▄▄▄▄▄▄▄▄▄▄▄▄▄▄▄▄[48;2;255;193;17m▄[48;2;195;45;0m▄[48;2;0;0;0m▄[48;2;255;192;21m▄[48;2;255;191;25m▄[48;2;255;192;27m▄[48;2;255;191;20m▄[48;2;0;0;0m▄[48;2;255;191;19m[38;2;255;190;16m▄[48;2;255;198;34m[38;2;254;189;16m▄[48;2;177;58;1m[38;2;0;0;0m▄[48;2;255;200;30m[38;2;255;255;0m▄[48;2;255;200;32m[38;2;255;192;25m▄[48;2;170;46;0m[38;2;226;136;9m▄[48;2;0;0;0m[38;2;164;42;0m▄[38;2;0;0;0m▄▄▄▄▄[0m
[48;2;0;0;0m[38;2;0;0;0m▄▄▄▄▄▄▄▄▄▄▄▄▄▄▄▄▄▄▄▄▄▄▄▄▄▄▄▄▄▄▄▄▄▄▄▄▄▄▄▄▄▄▄▄▄▄▄▄▄▄▄[0m
[48;2;0;0;0m[38;2;0;0;0m▄▄▄▄▄▄▄▄▄▄▄▄▄▄▄▄▄▄▄▄▄▄▄▄▄▄▄▄▄▄▄▄▄▄▄▄▄▄▄▄▄▄▄▄▄▄▄▄▄▄▄[0m
[48;2;0;0;0m[38;2;0;0;0m▄▄▄▄▄▄▄▄▄▄▄▄▄▄▄▄▄▄▄▄▄▄▄▄▄▄▄▄▄▄▄▄▄▄▄▄▄▄▄▄▄▄▄▄▄▄▄▄▄▄▄[0m
[48;2;0;0;0m[38;2;0;0;0m▄▄▄▄▄▄▄▄▄▄▄▄▄▄▄▄▄▄▄▄▄▄▄▄▄▄▄▄▄▄▄▄▄▄▄▄▄▄▄▄▄▄▄▄▄▄▄▄▄▄▄[0m
[48;2;0;0;0m[38;2;0;0;0m▄▄▄▄▄▄▄▄▄▄▄▄▄▄▄▄▄▄▄▄▄▄▄▄▄▄▄▄▄▄▄▄▄▄▄▄▄▄▄▄▄▄▄▄▄▄▄▄▄▄▄[0m
