[48;2;0;0;0m[38;2;0;0;0m▄▄▄▄▄▄▄▄▄▄▄▄▄▄▄▄▄▄▄▄▄▄▄▄▄▄▄▄▄▄▄▄▄▄▄▄▄▄▄▄▄▄▄▄▄▄▄▄▄▄▄[0m
[48;2;0;0;0m[38;2;0;0;0m▄▄▄▄▄▄▄▄▄▄▄▄▄▄▄▄▄▄▄▄▄▄▄▄▄▄▄▄▄▄▄▄▄▄▄▄▄▄▄▄▄▄▄▄▄▄▄▄▄▄▄[0m
[48;2;0;0;0m[38;2;0;0;0m▄▄▄▄▄▄▄▄▄▄▄▄▄▄▄▄▄▄▄▄▄▄▄▄▄▄▄▄▄▄▄▄▄▄▄▄▄▄▄▄▄▄▄▄▄▄▄▄▄▄▄[0m
[48;2;0;0;0m[38;2;0;0;0m▄▄▄▄▄▄▄▄▄▄▄▄▄▄▄▄▄▄▄▄▄▄▄▄▄▄▄▄▄▄▄▄▄▄▄▄▄▄▄▄▄▄▄▄▄▄▄▄▄▄▄[0m
[48;2;0;0;0m[38;2;0;0;0m▄▄▄▄▄▄▄▄▄▄▄▄▄▄▄▄▄▄▄▄▄▄▄▄▄▄▄▄▄▄▄▄▄▄▄▄▄▄▄▄▄▄▄▄▄▄▄▄▄▄▄[0m
[48;2;0;0;0m[38;2;0;0;0m▄▄▄▄▄▄▄▄▄▄▄▄▄▄▄▄▄▄▄▄▄▄▄▄▄▄▄▄▄▄▄▄▄[38;2;81;10;0m▄[38;2;0;0;0m▄▄[38;2;83;11;0m▄[38;2;86;12;0m▄[38;2;78;11;0m▄[38;2;89;15;0m▄[38;2;0;0;0m▄[38;2;71;9;0m▄[38;2;93;16;0m▄[38;2;99;21;0m▄[38;2;0;0;0m▄▄▄▄▄▄▄[0m
[48;2;0;0;0m[38;2;0;0;0m▄▄▄▄▄▄[38;2;254;221;46m▄[48;2;89;14;0m[38;2;255;231;62m▄[48;2;94;16;0m▄[48;2;84;14;0m[38;2;255;230;62m▄[48;2;0;0;0m[38;2;79;13;0m▄[48;2;77;12;0m[38;2;0;0;0m▄[48;2;90;14;0m[38;2;255;234;67m▄[48;2;0;0;0m[38;2;159;63;0m▄[38;2;0;0;0m▄[48;2;91;18;0m[38;2;255;231;62m▄[48;2;103;25;0m[38;2;255;232;65m▄[48;2;0;0;0m[38;2;0;0;0m▄[48;2;115;40;3m[38;2;255;233;66m▄[48;2;137;57;6m[38;2;255;236;68m▄[48;2;216;122;8m[38;2;255;234;59m▄[48;2;253;175;17m[38;2;255;241;72m▄[48;2;254;182;11m[38;2;255;205;20m▄[48;2;93;16;0m[38;2;94;16;0m▄[48;2;255;244;70m[38;2;255;252;84m▄[48;2;0;0;0m[38;2;0;0;0m▄▄▄[48;2;95;17;0m[38;2;97;19;0m▄[48;2;255;249;78m[38;2;255;251;82m▄[48;2;0;0;0m[38;2;0;0;0m▄▄▄[48;2;255;212;28m[38;2;255;239;59m▄[48;2;255;250;79m[38;2;255;250;82m▄[48;2;0;0;0m[38;2;0;0;0m▄[48;2;97;16;0m[38;2;101;18;0m▄[48;2;255;239;68m[38;2;255;236;71m▄[48;2;0;0;0m[38;2;0;0;0m▄[48;2;254;215;38m[38;2;82;12;0m▄[48;2;255;231;63m[38;2;255;228;61m▄[48;2;99;17;0m[38;2;254;220;51m▄[48;2;255;230;62m[38;2;255;225;57m▄[48;2;255;214;36m[38;2;0;0;0m▄[48;2;0;0;0m▄▄▄▄▄▄▄[0m
[48;2;0;0;0m[38;2;0;0;0m▄▄▄▄▄▄[48;2;255;229;63m[38;2;255;207;28m▄[48;2;235;187;33m[38;2;255;220;52m▄[48;2;97;17;0m[38;2;255;220;53m▄[48;2;160;91;13m[38;2;255;217;47m▄[48;2;255;170;0m[38;2;120;37;1m▄[48;2;0;0;0m[38;2;0;0;0m▄[48;2;255;229;63m[38;2;255;220;55m▄[48;2;96;16;0m[38;2;255;218;50m▄[48;2;98;16;0m[38;2;255;218;48m▄[48;2;255;226;58m[38;2;255;219;52m▄[48;2;255;227;59m[38;2;255;218;51m▄[48;2;0;0;0m[38;2;0;0;0m▄[48;2;255;228;60m[38;2;255;216;49m▄[48;2;255;227;61m[38;2;255;220;53m▄[48;2;194;140;27m[38;2;255;215;44m▄[48;2;195;144;29m[38;2;255;222;48m▄[48;2;204;119;0m[38;2;255;204;0m▄[48;2;93;16;0m[38;2;92;16;0m▄[48;2;255;250;83m[38;2;255;242;75m▄[48;2;0;0;0m[38;2;0;0;0m▄▄▄[48;2;98;19;0m[38;2;99;20;0m▄[48;2;255;251;82m[38;2;255;251;83m▄[48;2;0;0;0m[38;2;86;12;0m▄▄[38;2;0;0;0m▄[48;2;255;244;71m[38;2;255;228;56m▄[48;2;255;242;72m[38;2;255;229;61m▄[48;2;0;0;0m[38;2;88;13;0m▄[48;2;96;14;0m[38;2;137;54;4m▄[48;2;255;227;61m[38;2;255;213;47m▄[48;2;0;0;0m[38;2;81;11;0m▄[48;2;90;13;0m[38;2;104;19;0m▄[48;2;255;211;41m[38;2;255;205;40m▄[48;2;255;219;54m[38;2;199;136;19m▄[48;2;255;206;33m[38;2;255;202;38m▄[48;2;0;0;0m[38;2;0;0;0m▄▄▄▄▄▄▄▄[0m
[48;2;0;0;0m[38;2;0;0;0m▄▄▄▄▄▄[48;2;107;27;1m[38;2;255;196;27m▄[48;2;99;18;0m[38;2;255;194;28m▄[48;2;0;0;0m[38;2;255;190;23m▄[48;2;255;206;40m[38;2;255;195;29m▄[48;2;255;206;37m[38;2;255;196;21m▄[48;2;0;0;0m[38;2;0;0;0m▄[48;2;255;206;43m[38;2;255;194;29m▄[48;2;253;192;27m[38;2;250;185;22m▄[48;2;0;0;0m[38;2;0;0;0m▄[48;2;255;200;34m[38;2;254;190;23m▄[48;2;255;205;40m[38;2;255;193;26m▄[48;2;0;0;0m[38;2;0;0;0m▄[48;2;255;202;37m[38;2;254;191;23m▄[48;2;255;205;39m[38;2;255;194;28m▄[48;2;105;26;1m[38;2;255;197;30m▄[48;2;109;29;2m[38;2;255;201;32m▄[48;2;133;46;1m[38;2;254;193;25m▄[48;2;90;15;0m[38;2;83;14;0m▄[48;2;255;227;62m[38;2;255;213;41m▄[48;2;255;225;57m[38;2;255;214;42m▄[48;2;255;232;64m[38;2;255;222;50m▄[48;2;255;231;60m[38;2;255;211;34m▄[48;2;108;24;0m[38;2;175;87;3m▄[48;2;255;243;76m[38;2;255;222;43m▄[48;2;255;236;66m[38;2;255;222;37m▄[48;2;255;231;64m[38;2;255;214;26m▄[48;2;255;214;44m[38;2;0;0;0m▄[48;2;115;30;0m▄[48;2;255;213;46m▄[48;2;255;206;39m▄[48;2;255;201;36m▄[48;2;255;199;23m▄[48;2;97;16;0m▄[48;2;255;192;24m▄[48;2;255;193;21m▄[48;2;0;0;0m▄[48;2;255;191;23m▄[48;2;255;189;16m▄[48;2;0;0;0m▄▄▄▄▄▄▄[0m
[48;2;0;0;0m[38;2;0;0;0m▄▄▄▄▄▄▄[48;2;255;188;18m▄▄[48;2;0;0;0m▄▄▄▄▄▄▄▄▄▄▄▄▄▄▄▄▄▄▄▄▄▄▄▄▄▄▄▄▄▄▄▄▄▄▄▄▄▄▄▄▄▄[0m
[48;2;0;0;0m[38;2;0;0;0m▄▄▄▄▄▄▄▄▄▄▄▄▄▄▄▄▄▄▄▄▄▄▄▄▄▄▄▄▄▄▄▄▄▄▄▄▄▄▄▄▄▄▄▄▄▄▄▄▄▄▄[0m
[48;2;0;0;0m[38;2;0;0;0m▄▄▄▄▄▄▄▄▄▄▄▄▄▄▄▄▄▄▄▄▄▄▄▄▄▄▄▄▄▄▄▄▄▄▄▄▄▄▄▄▄▄▄▄▄▄▄▄▄▄▄[0m
[48;2;0;0;0m[38;2;0;0;0m▄▄▄▄▄▄▄▄▄▄▄▄▄▄▄▄▄▄▄▄▄▄▄▄▄▄▄▄▄▄▄▄▄▄▄▄▄▄▄▄▄▄▄▄▄▄▄▄▄▄▄[0m
[48;2;0;0;0m[38;2;0;0;0m▄▄▄▄▄▄▄▄▄▄▄▄▄▄▄▄▄▄▄▄▄▄▄▄▄▄▄▄▄▄▄▄▄▄▄▄▄▄▄▄▄▄▄▄▄▄▄▄▄▄▄[0m
[48;2;0;0;0m[38;2;0;0;0m▄▄▄▄▄▄▄▄▄▄▄▄▄▄▄▄▄▄▄▄▄▄▄▄▄▄▄▄▄▄▄▄▄▄▄▄▄▄▄▄▄▄▄▄▄▄▄▄▄▄▄[0m
