[48;2;0;0;0m[38;2;0;0;0m▄▄▄▄▄▄▄▄▄▄▄▄▄▄▄▄▄▄▄▄▄▄▄▄▄▄▄▄▄▄▄▄▄▄▄▄▄▄▄▄▄▄▄▄▄▄▄▄▄▄▄[0m
[48;2;0;0;0m[38;2;0;0;0m▄▄▄▄▄▄▄▄▄▄▄▄▄▄▄▄▄▄▄▄▄▄▄▄▄▄▄▄▄▄▄▄▄▄▄▄▄▄▄▄▄▄▄▄▄▄▄▄▄▄▄[0m
[48;2;0;0;0m[38;2;0;0;0m▄▄▄▄▄▄▄▄▄▄▄▄▄▄▄▄▄▄▄▄▄▄▄▄▄▄▄▄▄▄▄▄▄▄▄▄▄▄▄▄▄▄▄▄▄▄▄▄▄▄▄[0m
[48;2;0;0;0m[38;2;0;0;0m▄▄▄▄▄▄▄▄▄▄▄▄▄▄▄▄▄▄▄▄▄▄▄▄▄▄▄▄▄▄▄▄▄▄▄▄▄▄▄▄▄▄▄▄▄▄▄▄▄▄▄[0m
[48;2;0;0;0m[38;2;0;0;0m▄▄▄▄▄▄▄▄▄▄▄▄▄▄▄▄▄▄▄▄▄▄▄▄▄▄▄▄▄▄▄▄▄▄▄▄▄▄▄▄▄▄▄▄▄▄▄▄▄▄▄[0m
[48;2;0;0;0m[38;2;0;0;0m▄▄▄▄▄▄▄▄[38;2;255;127;0m▄[38;2;214;120;18m▄[38;2;182;52;0m▄[38;2;179;49;0m▄[38;2;0;0;0m▄[38;2;186;55;0m▄[38;2;177;48;0m▄[38;2;0;0;0m▄[38;2;183;53;0m▄[38;2;178;49;0m▄[38;2;0;0;0m▄[38;2;179;51;0m▄[38;2;177;44;0m▄▄[38;2;0;0;0m▄▄▄▄▄▄▄▄▄▄▄▄▄▄▄▄▄▄▄▄▄▄▄▄▄▄▄▄▄[0m
[48;2;0;0;0m[38;2;0;0;0m▄▄▄▄▄▄▄▄[48;2;255;232;64m[38;2;255;224;54m▄[48;2;210;88;1m[38;2;255;222;54m▄[48;2;255;232;64m[38;2;245;174;22m▄[48;2;255;217;40m[38;2;185;54;0m▄[48;2;181;53;0m[38;2;173;47;0m▄[48;2;255;244;76m[38;2;255;240;72m▄[48;2;181;50;0m[38;2;185;52;0m▄[48;2;0;0;0m[38;2;181;53;0m▄[48;2;255;250;81m[38;2;255;251;83m▄[48;2;201;88;3m[38;2;202;96;8m▄[48;2;255;210;17m[38;2;255;200;10m▄[48;2;255;251;81m[38;2;255;251;83m▄[48;2;255;250;80m[38;2;187;57;0m▄[48;2;255;250;81m[38;2;255;201;21m▄[48;2;255;246;74m[38;2;255;205;8m▄[48;2;0;0;0m[38;2;0;0;0m▄[48;2;255;250;81m[38;2;255;252;83m▄[48;2;180;50;0m[38;2;182;51;0m▄[48;2;0;0;0m[38;2;0;0;0m▄▄[48;2;255;173;11m[38;2;255;187;13m▄[48;2;196;79;6m[38;2;255;238;73m▄[48;2;179;51;0m[38;2;183;52;0m▄[48;2;0;0;0m[38;2;0;0;0m▄▄[38;2;255;206;32m▄[48;2;182;53;0m[38;2;255;234;67m▄[48;2;178;50;0m[38;2;177;49;0m▄[48;2;0;0;0m[38;2;0;0;0m▄[48;2;184;53;0m[38;2;255;230;61m▄[48;2;181;51;0m[38;2;255;232;64m▄[48;2;0;0;0m[38;2;0;0;0m▄[48;2;179;50;0m[38;2;255;227;55m▄[48;2;180;49;0m[38;2;255;228;57m▄[48;2;0;0;0m[38;2;0;0;0m▄[38;2;220;136;13m▄[38;2;255;229;60m▄[38;2;253;189;8m▄[38;2;0;0;0m▄▄▄▄▄[0m
[48;2;0;0;0m[38;2;0;0;0m▄▄▄▄▄▄▄▄[48;2;191;58;0m[38;2;255;200;30m▄[48;2;213;116;16m[38;2;210;98;8m▄[48;2;255;217;49m[38;2;199;88;7m▄[48;2;255;215;45m[38;2;255;205;38m▄[48;2;184;52;0m[38;2;184;52;0m▄[48;2;255;230;64m[38;2;255;215;49m▄[48;2;255;235;66m[38;2;188;57;0m▄[48;2;255;241;71m[38;2;0;0;0m▄[48;2;255;249;82m[38;2;255;237;70m▄[48;2;204;99;10m[38;2;207;101;11m▄[48;2;255;193;8m[38;2;255;217;31m▄[48;2;255;251;83m[38;2;255;250;81m▄[48;2;255;250;80m[38;2;185;54;0m▄[38;2;177;48;0m▄[48;2;213;92;3m▄[48;2;0;0;0m[38;2;0;0;0m▄[48;2;255;251;83m[38;2;255;242;75m▄[48;2;182;51;0m[38;2;182;51;0m▄[48;2;0;0;0m[38;2;0;0;0m▄▄[48;2;255;194;20m[38;2;255;201;26m▄[48;2;255;232;67m[38;2;255;222;56m▄[48;2;181;50;0m[38;2;178;49;0m▄[48;2;0;0;0m[38;2;0;0;0m▄▄[48;2;255;211;37m[38;2;255;193;25m▄[48;2;255;229;64m[38;2;255;220;55m▄[48;2;182;53;0m[38;2;184;56;0m▄[48;2;0;0;0m[38;2;0;0;0m▄[48;2;255;226;57m[38;2;255;217;49m▄[48;2;255;229;60m[38;2;255;219;50m▄[48;2;0;0;0m[38;2;0;0;0m▄[48;2;255;215;19m▄[48;2;255;230;64m[38;2;255;216;45m▄[48;2;193;74;3m[38;2;255;224;59m▄[48;2;255;229;62m[38;2;255;223;55m▄[48;2;255;219;45m[38;2;0;0;0m▄[48;2;0;0;0m▄▄▄▄▄▄[0m
[48;2;0;0;0m[38;2;0;0;0m▄▄▄▄▄▄▄▄▄[48;2;255;190;22m▄[48;2;255;193;24m▄[48;2;255;177;11m▄[48;2;0;0;0m▄[48;2;255;200;32m▄[48;2;184;51;0m▄[48;2;0;0;0m▄[48;2;255;220;52m▄[48;2;225;125;13m▄[48;2;255;217;39m▄[48;2;255;238;71m▄[48;2;255;237;68m▄[48;2;255;236;67m[38;2;255;214;26m▄[48;2;255;229;59m[38;2;255;206;32m▄[48;2;179;48;0m[38;2;0;0;0m▄[48;2;255;228;62m[38;2;255;214;41m▄[48;2;255;214;46m[38;2;255;208;36m▄[48;2;255;210;41m[38;2;255;204;35m▄[48;2;255;199;29m[38;2;255;195;25m▄[48;2;255;201;26m[38;2;255;201;20m▄[48;2;255;207;44m[38;2;255;195;28m▄[48;2;187;59;0m▄[48;2;182;52;0m[38;2;255;194;28m▄[48;2;179;50;0m[38;2;255;193;24m▄[48;2;255;195;27m[38;2;0;0;0m▄[48;2;255;207;43m[38;2;255;196;25m▄[48;2;183;53;0m[38;2;255;194;28m▄[48;2;179;50;0m[38;2;255;194;27m▄[48;2;255;207;41m[38;2;255;196;31m▄[48;2;255;206;39m[38;2;255;194;19m▄[48;2;0;0;0m[38;2;0;0;0m▄[48;2;179;54;0m[38;2;255;195;27m▄[48;2;255;209;42m[38;2;255;198;32m▄[48;2;255;212;46m[38;2;0;0;0m▄[48;2;255;210;43m[38;2;255;201;35m▄[48;2;179;49;0m[38;2;255;195;24m▄[48;2;0;0;0m[38;2;0;0;0m▄▄▄▄▄▄[0m
[48;2;0;0;0m[38;2;0;0;0m▄▄▄▄▄▄▄▄▄▄▄▄▄▄▄▄▄▄▄▄▄▄▄▄▄▄▄▄▄▄▄▄▄▄▄▄[48;2;255;188;18m▄[48;2;0;0;0m▄▄[48;2;253;186;6m▄[48;2;255;192;20m▄[48;2;255;204;25m▄[48;2;0;0;0m▄[48;2;255;190;16m▄[48;2;255;192;21m▄[48;2;184;54;0m▄[48;2;0;0;0m▄▄▄▄▄[0m
[48;2;0;0;0m[38;2;0;0;0m▄▄▄▄▄▄▄▄▄▄▄▄▄▄▄▄▄▄▄▄▄▄▄▄▄▄▄▄▄▄▄▄▄▄▄▄▄▄▄▄▄▄▄▄▄▄▄▄▄▄▄[0m
[48;2;0;0;0m[38;2;0;0;0m▄▄▄▄▄▄▄▄▄▄▄▄▄▄▄▄▄▄▄▄▄▄▄▄▄▄▄▄▄▄▄▄▄▄▄▄▄▄▄▄▄▄▄▄▄▄▄▄▄▄▄[0m
[48;2;0;0;0m[38;2;0;0;0m▄▄▄▄▄▄▄▄▄▄▄▄▄▄▄▄▄▄▄▄▄▄▄▄▄▄▄▄▄▄▄▄▄▄▄▄▄▄▄▄▄▄▄▄▄▄▄▄▄▄▄[0m
[48;2;0;0;0m[38;2;0;0;0m▄▄▄▄▄▄▄▄▄▄▄▄▄▄▄▄▄▄▄▄▄▄▄▄▄▄▄▄▄▄▄▄▄▄▄▄▄▄▄▄▄▄▄▄▄▄▄▄▄▄▄[0m
[48;2;0;0;0m[38;2;0;0;0m▄▄▄▄▄▄▄▄▄▄▄▄▄▄▄▄▄▄▄▄▄▄▄▄▄▄▄▄▄▄▄▄▄▄▄▄▄▄▄▄▄▄▄▄▄▄▄▄▄▄▄[0m
