[48;2;0;0;0m[38;2;0;0;0m▄▄▄▄▄▄▄▄▄▄▄▄▄▄▄▄▄▄▄▄▄▄▄▄▄▄▄▄▄▄▄▄▄▄▄▄▄▄▄▄▄▄▄▄▄▄▄▄▄▄▄[0m
[48;2;0;0;0m[38;2;0;0;0m▄▄▄▄▄▄▄▄▄▄▄▄▄▄▄▄▄▄▄▄▄▄▄▄▄▄▄▄▄▄▄▄▄▄▄▄▄▄▄▄▄▄▄▄▄▄▄▄▄▄▄[0m
[48;2;0;0;0m[38;2;0;0;0m▄▄▄▄▄▄▄▄▄▄▄▄▄▄▄▄▄▄▄▄▄▄▄▄▄▄▄▄▄▄▄▄▄▄▄▄▄▄▄▄▄▄▄▄▄▄▄▄▄▄▄[0m
[48;2;0;0;0m[38;2;0;0;0m▄▄▄▄▄▄▄▄▄▄▄▄▄▄▄▄▄▄▄▄▄▄▄▄▄▄▄▄▄▄▄▄▄▄▄▄▄▄▄▄▄▄▄▄▄▄▄▄▄▄▄[0m
[48;2;0;0;0m[38;2;0;0;0m▄▄▄▄▄▄▄▄▄▄▄▄▄▄▄▄▄▄▄▄▄▄▄▄▄▄▄▄▄▄▄▄▄▄▄▄▄▄▄▄▄▄▄▄▄▄▄▄▄▄▄[0m
[48;2;0;0;0m[38;2;0;0;0m▄▄▄▄▄▄▄▄[38;2;127;127;0m▄[38;2;162;98;18m▄[38;2;99;18;0m▄[38;2;94;15;0m▄[38;2;0;0;0m▄[38;2;99;20;0m▄[38;2;90;14;0m▄[38;2;0;0;0m▄[38;2;94;14;0m▄[38;2;88;13;0m▄[38;2;0;0;0m▄[38;2;85;13;0m▄[38;2;77;11;0m▄▄[38;2;0;0;0m▄▄▄▄▄▄▄▄▄▄▄▄▄▄▄▄▄▄▄▄▄▄▄▄▄▄▄▄▄[0m
[48;2;0;0;0m[38;2;0;0;0m▄▄▄▄▄▄▄▄[48;2;255;232;64m[38;2;255;224;54m▄[48;2;186;88;0m[38;2;255;222;54m▄[48;2;255;232;64m[38;2;233;166;21m▄[48;2;255;218;41m[38;2;103;19;0m▄[48;2;97;17;0m[38;2;83;10;0m▄[48;2;255;244;76m[38;2;255;240;72m▄[48;2;100;16;0m[38;2;104;18;0m▄[48;2;0;0;0m[38;2;96;16;0m▄[48;2;255;250;81m[38;2;255;251;83m▄[48;2;140;61;3m[38;2;142;71;8m▄[48;2;255;210;17m[38;2;255;195;10m▄[48;2;255;251;82m[38;2;255;251;83m▄[48;2;255;250;80m[38;2;109;23;0m▄[48;2;255;250;81m[38;2;255;201;21m▄[48;2;255;247;75m[38;2;255;205;8m▄[48;2;0;0;0m[38;2;0;0;0m▄[48;2;255;250;81m[38;2;255;252;83m▄[48;2;94;15;0m[38;2;95;16;0m▄[48;2;0;0;0m[38;2;0;0;0m▄▄[48;2;255;162;11m[38;2;255;181;13m▄[48;2;138;58;6m[38;2;255;238;73m▄[48;2;92;16;0m[38;2;95;17;0m▄[48;2;0;0;0m[38;2;0;0;0m▄▄[38;2;255;195;27m▄[48;2;92;16;0m[38;2;255;234;67m▄[48;2;81;13;0m[38;2;79;12;0m▄[48;2;0;0;0m[38;2;0;0;0m▄[48;2;90;17;0m[38;2;255;230;62m▄[48;2;90;15;0m[38;2;255;232;64m▄[48;2;0;0;0m[38;2;0;0;0m▄[48;2;87;15;0m[38;2;255;227;55m▄[48;2;82;8;0m[38;2;255;228;57m▄[48;2;0;0;0m[38;2;0;0;0m▄[38;2;180;120;14m▄[38;2;255;229;61m▄[38;2;253;190;8m▄[38;2;0;0;0m▄▄▄▄▄[0m
[48;2;0;0;0m[38;2;0;0;0m▄▄▄▄▄▄▄▄[48;2;100;20;0m[38;2;255;200;30m▄[48;2;163;94;16m[38;2;154;74;8m▄[48;2;255;217;49m[38;2;138;62;7m▄[48;2;255;215;46m[38;2;255;205;38m▄[48;2;102;17;0m[38;2;98;16;0m▄[48;2;255;230;64m[38;2;255;215;49m▄[48;2;255;235;66m[38;2;104;19;0m▄[48;2;255;241;71m[38;2;0;0;0m▄[48;2;255;249;82m[38;2;255;237;70m▄[48;2;145;74;10m[38;2;154;80;12m▄[48;2;255;179;6m[38;2;255;215;31m▄[48;2;255;251;83m[38;2;255;250;81m▄[48;2;255;250;80m[38;2;100;18;0m▄[48;2;255;250;81m[38;2;87;12;0m▄[48;2;201;103;3m[38;2;80;12;0m▄[48;2;0;0;0m[38;2;0;0;0m▄[48;2;255;251;83m[38;2;255;242;75m▄[48;2;95;17;0m[38;2;97;17;0m▄[48;2;0;0;0m[38;2;0;0;0m▄▄[48;2;255;181;13m[38;2;255;201;26m▄[48;2;255;232;67m[38;2;255;222;56m▄[48;2;91;14;0m[38;2;89;14;0m▄[48;2;0;0;0m[38;2;0;0;0m▄▄[48;2;255;217;43m[38;2;255;185;25m▄[48;2;255;229;64m[38;2;255;220;55m▄[48;2;71;11;0m[38;2;87;17;0m▄[48;2;0;0;0m[38;2;0;0;0m▄[48;2;255;227;58m[38;2;255;217;50m▄[48;2;255;229;60m[38;2;255;219;51m▄[48;2;0;0;0m[38;2;0;0;0m▄[48;2;255;196;19m▄[48;2;255;230;64m[38;2;255;216;45m▄[48;2;119;41;3m[38;2;255;224;59m▄[48;2;255;229;62m[38;2;255;223;55m▄[48;2;255;218;46m[38;2;0;0;0m▄[48;2;0;0;0m▄▄▄▄▄▄[0m
[48;2;0;0;0m[38;2;0;0;0m▄▄▄▄▄▄▄▄▄[48;2;255;190;22m▄[48;2;255;192;24m▄[48;2;243;166;11m▄[48;2;0;0;0m▄[48;2;255;199;32m▄[48;2;100;17;0m▄[48;2;0;0;0m▄[48;2;255;220;52m▄[48;2;214;126;12m▄[48;2;255;215;39m▄[48;2;255;239;71m▄[48;2;255;237;68m▄[48;2;255;236;67m[38;2;255;214;26m▄[48;2;255;230;61m[38;2;255;206;32m▄[48;2;92;10;0m[38;2;0;0;0m▄[48;2;255;228;62m[38;2;255;213;41m▄[48;2;255;215;46m[38;2;255;207;37m▄[48;2;255;211;41m[38;2;255;204;36m▄[48;2;255;197;29m[38;2;255;193;25m▄[48;2;255;201;26m[38;2;255;201;20m▄[48;2;255;208;44m[38;2;255;195;29m▄[48;2;107;23;0m[38;2;255;195;28m▄[48;2;99;18;0m[38;2;255;193;29m▄[48;2;94;15;0m[38;2;255;193;24m▄[48;2;255;195;27m[38;2;0;0;0m▄[48;2;255;207;43m[38;2;255;195;25m▄[48;2;100;18;0m[38;2;255;194;29m▄[48;2;88;14;0m[38;2;255;193;27m▄[48;2;255;207;41m[38;2;255;196;31m▄[48;2;255;207;40m[38;2;255;194;19m▄[48;2;0;0;0m[38;2;0;0;0m▄[48;2;73;10;0m[38;2;255;196;27m▄[48;2;255;210;42m[38;2;255;198;32m▄[48;2;255;212;46m[38;2;0;0;0m▄[48;2;255;211;43m[38;2;255;200;35m▄[48;2;84;13;0m[38;2;254;196;25m▄[48;2;0;0;0m[38;2;0;0;0m▄▄▄▄▄▄[0m
[48;2;0;0;0m[38;2;0;0;0m▄▄▄▄▄▄▄▄▄▄▄▄▄▄▄▄▄▄▄▄▄▄▄▄▄▄▄▄▄▄▄▄▄▄▄▄[48;2;255;188;18m▄[48;2;0;0;0m▄▄[48;2;253;190;6m▄[48;2;255;191;20m▄[48;2;255;204;25m▄[48;2;0;0;0m▄[48;2;255;189;16m▄[48;2;255;192;21m▄[48;2;94;17;0m▄[48;2;0;0;0m▄▄▄▄▄[0m
[48;2;0;0;0m[38;2;0;0;0m▄▄▄▄▄▄▄▄▄▄▄▄▄▄▄▄▄▄▄▄▄▄▄▄▄▄▄▄▄▄▄▄▄▄▄▄▄▄▄▄▄▄▄▄▄▄▄▄▄▄▄[0m
[48;2;0;0;0m[38;2;0;0;0m▄▄▄▄▄▄▄▄▄▄▄▄▄▄▄▄▄▄▄▄▄▄▄▄▄▄▄▄▄▄▄▄▄▄▄▄▄▄▄▄▄▄▄▄▄▄▄▄▄▄▄[0m
[48;2;0;0;0m[38;2;0;0;0m▄▄▄▄▄▄▄▄▄▄▄▄▄▄▄▄▄▄▄▄▄▄▄▄▄▄▄▄▄▄▄▄▄▄▄▄▄▄▄▄▄▄▄▄▄▄▄▄▄▄▄[0m
[48;2;0;0;0m[38;2;0;0;0m▄▄▄▄▄▄▄▄▄▄▄▄▄▄▄▄▄▄▄▄▄▄▄▄▄▄▄▄▄▄▄▄▄▄▄▄▄▄▄▄▄▄▄▄▄▄▄▄▄▄▄[0m
[48;2;0;0;0m[38;2;0;0;0m▄▄▄▄▄▄▄▄▄▄▄▄▄▄▄▄▄▄▄▄▄▄▄▄▄▄▄▄▄▄▄▄▄▄▄▄▄▄▄▄▄▄▄▄▄▄▄▄▄▄▄[0m
