[48;2;0;0;0m[38;2;0;0;0m▄▄▄▄▄▄▄▄▄▄▄▄▄▄▄▄▄▄▄▄▄▄▄▄▄▄▄▄▄▄▄▄▄▄▄▄▄▄▄▄▄▄▄▄▄▄▄▄▄▄▄[0m
[48;2;0;0;0m[38;2;0;0;0m▄▄▄▄▄▄▄▄▄▄▄▄▄▄▄▄▄▄▄▄▄▄▄▄▄▄▄▄▄▄▄▄▄▄▄▄▄▄▄▄▄▄▄▄▄▄▄▄▄▄▄[0m
[48;2;0;0;0m[38;2;0;0;0m▄▄▄▄▄▄▄▄▄▄▄▄▄▄▄▄▄▄▄▄▄▄▄▄▄▄▄▄▄▄▄▄▄▄▄▄▄▄▄▄▄▄▄▄▄▄▄▄▄▄▄[0m
[48;2;0;0;0m[38;2;0;0;0m▄▄▄▄▄▄▄▄▄▄▄▄▄▄▄▄▄▄▄▄▄▄▄▄▄▄▄▄▄▄▄▄▄▄▄▄▄▄▄▄▄▄▄▄▄▄▄▄▄▄▄[0m
[48;2;0;0;0m[38;2;0;0;0m▄▄▄▄▄▄▄▄▄▄▄▄▄▄▄▄▄▄▄▄▄▄▄▄▄▄▄▄▄▄▄▄▄▄▄▄▄▄▄▄▄▄▄▄▄▄▄▄▄▄▄[0m
[48;2;0;0;0m[38;2;0;0;0m▄▄▄▄▄▄▄▄▄▄▄▄[48;2;255;197;13m[38;2;255;248;77m▄[48;2;146;37;0m[38;2;254;228;55m▄[48;2;135;31;0m[38;2;235;175;21m▄[48;2;126;27;0m[38;2;255;248;76m▄[48;2;0;0;0m[38;2;228;128;10m▄[38;2;134;30;0m▄[38;2;255;239;63m▄[38;2;140;33;0m▄[38;2;136;32;0m▄[38;2;135;32;0m▄[38;2;134;31;0m▄[38;2;132;30;0m▄[38;2;127;25;0m▄[38;2;0;0;0m▄▄▄▄▄▄▄▄▄▄▄▄▄▄▄▄▄▄▄▄▄▄▄▄▄▄[0m
[48;2;0;0;0m[38;2;0;0;0m▄▄▄▄▄▄▄▄▄▄▄▄[48;2;255;249;78m[38;2;152;40;0m▄[48;2;255;243;71m[38;2;253;216;40m▄[48;2;146;36;0m[38;2;255;249;79m▄[48;2;255;247;75m[38;2;255;234;54m▄[48;2;250;164;13m[38;2;255;251;82m▄[48;2;141;35;0m[38;2;255;250;81m▄[48;2;255;250;80m[38;2;255;248;79m▄[48;2;147;37;0m[38;2;149;38;0m▄[48;2;255;243;76m[38;2;255;237;69m▄[48;2;255;237;67m[38;2;147;37;0m▄[48;2;255;236;68m[38;2;137;33;0m▄[48;2;148;38;0m[38;2;137;32;0m▄[48;2;255;230;60m[38;2;255;231;64m▄[48;2;146;37;0m[38;2;150;40;0m▄[48;2;124;26;0m[38;2;125;27;0m▄[48;2;0;0;0m[38;2;0;0;0m▄[48;2;143;31;0m[38;2;255;231;63m▄[48;2;137;33;0m[38;2;254;184;25m▄[48;2;125;27;0m[38;2;129;28;0m▄[48;2;0;0;0m[38;2;0;0;0m▄[38;2;255;203;19m▄[38;2;240;194;37m▄[38;2;137;32;0m▄[38;2;123;24;0m▄[38;2;145;36;0m▄[38;2;134;30;0m▄[38;2;126;27;0m▄[38;2;0;0;0m▄▄▄▄▄▄▄▄▄▄▄▄[0m
[48;2;0;0;0m[38;2;0;0;0m▄▄▄▄▄▄▄▄▄▄▄▄[48;2;255;221;51m▄[48;2;214;149;26m[38;2;255;207;33m▄[48;2;255;243;74m[38;2;0;0;0m▄[48;2;255;198;21m[38;2;255;216;33m▄[48;2;255;241;68m[38;2;255;229;54m▄[48;2;136;31;0m[38;2;136;31;0m▄[48;2;255;236;69m[38;2;255;221;54m▄[48;2;149;38;0m[38;2;148;38;0m▄[48;2;255;227;61m[38;2;255;213;47m▄[48;2;255;225;56m[38;2;147;37;0m▄[48;2;255;221;49m[38;2;134;31;0m▄[48;2;145;36;0m▄[48;2;255;224;56m[38;2;255;212;45m▄[48;2;150;40;0m[38;2;150;40;0m▄[48;2;125;27;0m[38;2;126;27;0m▄[48;2;0;0;0m[38;2;0;0;0m▄[48;2;255;226;59m[38;2;255;218;51m▄[48;2;250;161;18m[38;2;232;133;12m▄[48;2;129;28;0m[38;2;128;28;0m▄[48;2;0;0;0m[38;2;0;0;0m▄[48;2;255;212;32m[38;2;255;215;39m▄[48;2;255;233;67m[38;2;255;226;61m▄[48;2;141;33;0m[38;2;139;32;0m▄[48;2;95;0;0m[38;2;95;0;0m▄[48;2;255;233;66m[38;2;255;230;64m▄[48;2;190;88;4m[38;2;150;40;0m▄[48;2;253;205;22m[38;2;127;28;0m▄[48;2;255;227;55m[38;2;255;230;63m▄[48;2;141;33;0m[38;2;242;191;28m▄[48;2;124;26;0m[38;2;174;85;7m▄[48;2;143;36;0m[38;2;255;233;67m▄[48;2;135;31;0m[38;2;232;171;18m▄[48;2;127;28;0m[38;2;127;29;0m▄[48;2;0;0;0m[38;2;0;0;0m▄▄▄▄▄▄[0m
[48;2;0;0;0m[38;2;0;0;0m▄▄▄▄▄▄▄▄▄▄▄▄▄▄▄▄▄▄▄▄[48;2;255;200;31m▄[48;2;255;197;29m▄[48;2;255;195;28m▄[48;2;148;37;0m▄[48;2;255;198;33m[38;2;255;195;16m▄[48;2;255;195;29m[38;2;255;192;23m▄[48;2;194;104;10m[38;2;255;192;25m▄[48;2;141;34;0m[38;2;149;38;0m▄[48;2;255;204;40m[38;2;255;194;28m▄[48;2;194;92;7m[38;2;255;195;30m▄[48;2;132;30;0m[38;2;255;194;28m▄[48;2;136;17;0m[38;2;254;192;24m▄[48;2;255;209;36m[38;2;185;98;12m▄[48;2;255;216;49m[38;2;255;204;39m▄[48;2;139;33;0m[38;2;144;35;0m▄[48;2;95;0;0m[38;2;131;29;0m▄[48;2;255;222;56m[38;2;255;211;47m▄[48;2;145;35;0m[38;2;143;34;0m▄[48;2;127;27;0m[38;2;124;26;0m▄[48;2;255;214;32m[38;2;255;204;19m▄[48;2;255;225;57m[38;2;255;220;55m▄[48;2;255;226;59m[38;2;255;220;53m▄[48;2;255;223;52m[38;2;143;35;0m▄[48;2;131;29;0m[38;2;123;27;0m▄[48;2;0;0;0m[38;2;0;0;0m▄▄▄▄▄▄▄[0m
[48;2;0;0;0m[38;2;0;0;0m▄▄▄▄▄▄▄▄▄▄▄▄▄▄▄▄▄▄▄▄▄▄▄▄▄▄▄▄▄[48;2;255;191;21m▄[48;2;255;192;20m▄[48;2;255;191;19m▄[48;2;141;34;0m▄[48;2;255;194;24m▄[48;2;255;194;28m▄[48;2;255;195;29m[38;2;255;188;17m▄[48;2;255;198;32m[38;2;0;0;0m▄[48;2;139;33;0m▄[48;2;0;0;0m[38;2;255;191;18m▄[48;2;255;203;37m[38;2;255;193;28m▄[48;2;255;206;38m[38;2;138;33;0m▄[48;2;255;209;44m[38;2;255;197;26m▄[48;2;214;134;14m[38;2;255;197;31m▄[48;2;130;28;0m[38;2;142;34;0m▄[48;2;0;0;0m[38;2;122;26;0m▄[38;2;0;0;0m▄▄▄▄▄▄[0m
[48;2;0;0;0m[38;2;0;0;0m▄▄▄▄▄▄▄▄▄▄▄▄▄▄▄▄▄▄▄▄▄▄▄▄▄▄▄▄▄▄▄▄▄▄▄▄▄▄▄▄▄▄[48;2;255;191;21m▄[48;2;249;177;10m▄[48;2;131;29;0m▄[48;2;0;0;0m▄▄▄▄▄▄[0m
[48;2;0;0;0m[38;2;0;0;0m▄▄▄▄▄▄▄▄▄▄▄▄▄▄▄▄▄▄▄▄▄▄▄▄▄▄▄▄▄▄▄▄▄▄▄▄▄▄▄▄▄▄▄▄▄▄▄▄▄▄▄[0m
[48;2;0;0;0m[38;2;0;0;0m▄▄▄▄▄▄▄▄▄▄▄▄▄▄▄▄▄▄▄▄▄▄▄▄▄▄▄▄▄▄▄▄▄▄▄▄▄▄▄▄▄▄▄▄▄▄▄▄▄▄▄[0m
[48;2;0;0;0m[38;2;0;0;0m▄▄▄▄▄▄▄▄▄▄▄▄▄▄▄▄▄▄▄▄▄▄▄▄▄▄▄▄▄▄▄▄▄▄▄▄▄▄▄▄▄▄▄▄▄▄▄▄▄▄▄[0m
[48;2;0;0;0m[38;2;0;0;0m▄▄▄▄▄▄▄▄▄▄▄▄▄▄▄▄▄▄▄▄▄▄▄▄▄▄▄▄▄▄▄▄▄▄▄▄▄▄▄▄▄▄▄▄▄▄▄▄▄▄▄[0m
