[48;2;0;0;0m[38;2;0;0;0m▄▄▄▄▄▄▄▄▄▄▄▄▄▄▄▄▄▄▄▄▄▄▄▄▄▄▄▄▄▄▄▄▄▄▄▄▄▄▄▄▄▄▄▄▄▄▄▄▄▄▄[0m
[48;2;0;0;0m[38;2;0;0;0m▄▄▄▄▄▄▄▄▄▄▄▄▄▄▄▄▄▄▄▄▄▄▄▄▄▄▄▄▄▄▄▄▄▄▄▄▄▄▄▄▄▄▄▄▄▄▄▄▄▄▄[0m
[48;2;0;0;0m[38;2;0;0;0m▄▄▄▄▄▄▄▄▄▄▄▄▄▄▄▄▄▄▄▄▄▄▄▄▄▄▄▄▄▄▄▄▄▄▄▄▄▄▄▄▄▄▄▄▄▄▄▄▄▄▄[0m
[48;2;0;0;0m[38;2;0;0;0m▄▄▄▄▄▄▄▄▄▄▄▄▄▄▄▄▄▄▄▄▄▄▄▄▄▄▄▄▄▄▄▄▄▄▄▄▄▄▄▄▄▄▄▄▄▄▄▄▄▄▄[0m
[48;2;0;0;0m[38;2;0;0;0m▄▄▄▄▄▄▄▄▄▄▄▄▄▄▄▄▄▄▄▄▄▄▄▄▄▄▄▄▄▄▄▄▄▄▄▄▄▄▄▄▄▄▄▄▄▄▄▄▄▄▄[0m
[48;2;0;0;0m[38;2;0;0;0m▄▄▄▄▄▄▄▄▄▄▄▄▄▄▄▄▄▄▄▄▄▄▄▄▄▄[38;2;109;36;0m▄[38;2;149;37;0m▄[38;2;166;44;0m▄[38;2;0;0;0m▄[38;2;141;33;0m▄[38;2;157;40;0m▄[38;2;255;235;58m▄[38;2;152;39;0m▄[48;2;150;36;0m[38;2;255;248;77m▄[48;2;151;38;0m[38;2;191;89;9m▄[48;2;145;36;0m[38;2;255;240;65m▄[48;2;148;36;0m[38;2;253;218;42m▄[48;2;170;53;0m[38;2;255;249;79m▄[48;2;235;170;8m[38;2;0;0;0m▄[48;2;0;0;0m▄▄▄▄▄▄▄▄▄▄▄[0m
[48;2;0;0;0m[38;2;0;0;0m▄▄▄▄▄▄▄▄▄▄▄▄[38;2;146;35;0m▄[38;2;155;40;0m▄[38;2;0;0;0m▄[38;2;144;35;0m▄[38;2;156;40;0m▄[38;2;243;198;41m▄[48;2;137;19;0m[38;2;156;40;0m▄[48;2;151;38;0m[38;2;255;229;59m▄[38;2;255;232;65m▄[48;2;154;40;0m[38;2;255;233;67m▄[48;2;151;39;0m[38;2;255;232;64m▄[48;2;156;40;0m[38;2;162;42;0m▄[48;2;252;201;32m[38;2;255;232;65m▄[48;2;0;0;0m[38;2;0;0;0m▄[48;2;142;32;0m[38;2;142;32;0m▄[48;2;159;41;0m[38;2;159;41;0m▄[48;2;255;236;68m[38;2;255;232;65m▄[48;2;0;0;0m[38;2;0;0;0m▄[48;2;142;34;0m[38;2;142;34;0m▄[48;2;161;42;0m[38;2;161;42;0m▄[48;2;255;250;80m[38;2;255;250;83m▄[48;2;153;39;0m[38;2;154;39;0m▄[48;2;255;251;82m[38;2;255;251;82m▄[48;2;167;70;8m[38;2;164;64;8m▄[48;2;161;42;0m[38;2;163;43;0m▄[48;2;255;250;80m[38;2;255;249;80m▄[48;2;255;243;68m[38;2;255;239;69m▄[48;2;0;0;0m[38;2;0;0;0m▄▄▄▄▄▄▄▄▄▄▄▄[0m
[48;2;0;0;0m[38;2;0;0;0m▄▄▄▄▄▄[38;2;145;35;0m▄[48;2;148;36;0m[38;2;172;60;2m▄[48;2;156;40;0m[38;2;255;232;65m▄[48;2;223;157;28m[38;2;233;172;27m▄[48;2;255;221;47m[38;2;255;229;60m▄[48;2;0;0;0m[38;2;255;226;55m▄[48;2;154;39;0m[38;2;155;40;0m▄[48;2;255;231;62m[38;2;255;228;61m▄[48;2;255;228;58m[38;2;255;227;59m▄[48;2;145;35;0m[38;2;154;39;0m▄[48;2;231;122;5m[38;2;207;110;12m▄[48;2;255;233;66m[38;2;255;226;61m▄[48;2;157;41;0m[38;2;157;41;0m▄[48;2;255;229;61m[38;2;255;222;54m▄[48;2;255;217;49m[38;2;255;220;53m▄[48;2;152;38;0m[38;2;255;218;49m▄[48;2;150;38;0m[38;2;255;216;44m▄[48;2;160;41;0m[38;2;159;41;0m▄[48;2;255;226;59m[38;2;255;215;49m▄[48;2;0;0;0m[38;2;155;37;0m▄[48;2;142;32;0m[38;2;148;35;0m▄[48;2;158;41;0m[38;2;159;41;0m▄[48;2;255;223;56m[38;2;255;210;44m▄[48;2;0;0;0m[38;2;156;40;0m▄[48;2;143;34;0m[38;2;186;92;11m▄[48;2;161;42;0m[38;2;162;43;0m▄[48;2;255;239;72m[38;2;255;223;56m▄[48;2;159;41;0m[38;2;255;226;57m▄[48;2;255;245;76m[38;2;255;232;62m▄[48;2;161;43;0m[38;2;165;45;0m▄[48;2;246;212;50m[38;2;255;222;46m▄[48;2;205;123;19m[38;2;0;0;0m▄[48;2;255;222;54m▄[48;2;0;0;0m▄▄▄▄▄▄▄▄▄▄▄▄[0m
[48;2;0;0;0m[38;2;0;0;0m▄▄▄▄▄▄[48;2;147;36;0m▄[48;2;255;221;50m[38;2;164;43;0m▄[48;2;255;228;61m[38;2;255;217;46m▄[48;2;253;197;25m[38;2;255;219;51m▄[48;2;170;57;2m[38;2;255;218;52m▄[48;2;0;0;0m[38;2;255;214;46m▄[48;2;152;38;0m[38;2;156;40;0m▄[48;2;255;219;53m[38;2;255;210;42m▄[48;2;255;222;57m[38;2;255;209;38m▄[48;2;255;220;53m[38;2;147;36;0m▄[48;2;255;218;52m[38;2;163;43;0m▄[48;2;255;217;52m[38;2;255;204;41m▄[48;2;160;43;0m[38;2;160;43;0m▄[48;2;255;211;45m[38;2;255;196;33m▄[48;2;255;208;39m[38;2;255;196;32m▄[48;2;152;38;0m[38;2;255;193;28m▄[48;2;151;38;0m[38;2;255;193;27m▄[48;2;159;41;0m[38;2;163;43;0m▄[48;2;255;201;37m[38;2;255;191;23m▄[48;2;255;195;29m[38;2;255;192;23m▄[48;2;255;194;29m[38;2;255;195;21m▄[48;2;165;44;0m[38;2;0;0;0m▄[48;2;255;195;30m▄[48;2;255;198;31m▄[48;2;255;201;32m▄[48;2;0;0;0m▄▄▄▄▄▄▄▄▄▄▄▄▄▄▄▄▄▄▄▄[0m
[48;2;0;0;0m[38;2;0;0;0m▄▄▄▄▄▄[48;2;144;35;0m[38;2;255;0;0m▄[48;2;155;39;0m[38;2;255;196;23m▄[48;2;163;45;0m[38;2;255;198;33m▄[48;2;146;36;0m[38;2;255;192;24m▄[48;2;165;45;0m[38;2;255;191;25m▄[48;2;255;204;41m[38;2;255;194;23m▄[48;2;157;42;0m[38;2;158;40;0m▄[48;2;255;200;33m[38;2;255;191;19m▄[48;2;255;198;29m▄[48;2;145;35;0m[38;2;0;0;0m▄[48;2;161;42;0m▄[48;2;255;192;26m▄[48;2;157;40;0m▄[48;2;255;188;18m▄[48;2;255;191;22m▄[48;2;255;191;0m▄[48;2;0;0;0m▄▄▄▄▄▄▄▄▄▄▄▄▄▄▄▄▄▄▄▄▄▄▄▄▄▄▄▄▄[0m
[48;2;0;0;0m[38;2;0;0;0m▄▄▄▄▄▄▄▄[48;2;255;192;18m▄[48;2;255;192;22m▄[48;2;0;0;0m▄▄▄▄▄▄▄▄▄▄▄▄▄▄▄▄▄▄▄▄▄▄▄▄▄▄▄▄▄▄▄▄▄▄▄▄▄▄▄▄▄[0m
[48;2;0;0;0m[38;2;0;0;0m▄▄▄▄▄▄▄▄▄▄▄▄▄▄▄▄▄▄▄▄▄▄▄▄▄▄▄▄▄▄▄▄▄▄▄▄▄▄▄▄▄▄▄▄▄▄▄▄▄▄▄[0m
[48;2;0;0;0m[38;2;0;0;0m▄▄▄▄▄▄▄▄▄▄▄▄▄▄▄▄▄▄▄▄▄▄▄▄▄▄▄▄▄▄▄▄▄▄▄▄▄▄▄▄▄▄▄▄▄▄▄▄▄▄▄[0m
[48;2;0;0;0m[38;2;0;0;0m▄▄▄▄▄▄▄▄▄▄▄▄▄▄▄▄▄▄▄▄▄▄▄▄▄▄▄▄▄▄▄▄▄▄▄▄▄▄▄▄▄▄▄▄▄▄▄▄▄▄▄[0m
[48;2;0;0;0m[38;2;0;0;0m▄▄▄▄▄▄▄▄▄▄▄▄▄▄▄▄▄▄▄▄▄▄▄▄▄▄▄▄▄▄▄▄▄▄▄▄▄▄▄▄▄▄▄▄▄▄▄▄▄▄▄[0m
