[48;2;0;0;0m[38;2;0;0;0m▄▄▄▄▄▄▄▄▄▄▄▄▄▄▄▄▄▄▄▄▄▄▄▄▄▄▄▄▄▄▄▄▄▄▄▄▄▄▄▄▄▄▄▄▄▄▄▄▄▄▄[0m
[48;2;0;0;0m[38;2;0;0;0m▄▄▄▄▄▄▄▄▄▄▄▄▄▄▄▄▄▄▄▄▄▄▄▄▄▄▄▄▄▄▄▄▄▄▄▄▄▄▄▄▄▄▄▄▄▄▄▄▄▄▄[0m
[48;2;0;0;0m[38;2;0;0;0m▄▄▄▄▄▄▄▄▄▄▄▄▄▄▄▄▄▄▄▄▄▄▄▄▄▄▄▄▄▄▄▄▄▄▄▄▄▄▄▄▄▄▄▄▄▄▄▄▄▄▄[0m
[48;2;0;0;0m[38;2;0;0;0m▄▄▄▄▄▄▄▄▄▄▄▄▄▄▄▄▄▄▄▄▄▄▄▄▄▄▄▄▄▄▄▄▄▄▄▄▄▄▄▄▄▄▄▄▄▄▄▄▄▄▄[0m
[48;2;0;0;0m[38;2;0;0;0m▄▄▄▄▄▄▄▄▄▄▄▄▄▄▄▄▄▄▄▄▄▄▄▄▄▄▄▄▄▄▄▄▄▄▄▄▄▄▄▄▄▄▄▄▄▄▄▄▄▄▄[0m
[48;2;0;0;0m[38;2;0;0;0m▄▄▄▄▄▄▄▄▄▄▄▄[48;2;230;123;1m[38;2;254;239;70m▄[48;2;137;33;0m[38;2;255;249;79m▄[48;2;128;28;0m[38;2;142;34;0m▄[48;2;120;25;0m[38;2;255;249;78m▄[48;2;0;0;0m[38;2;150;42;0m▄[38;2;128;29;0m▄[38;2;255;233;53m▄[38;2;133;30;0m▄[38;2;129;29;0m▄[38;2;128;29;0m▄[38;2;127;28;0m▄[38;2;125;27;0m▄[38;2;121;22;0m▄[38;2;0;0;0m▄▄▄▄▄▄▄▄▄▄▄▄▄▄▄▄▄▄▄▄▄▄▄▄▄▄[0m
[48;2;0;0;0m[38;2;0;0;0m▄▄▄▄▄▄▄▄▄▄▄▄[48;2;255;249;79m[38;2;144;36;0m▄[48;2;251;205;27m[38;2;255;248;78m▄[48;2;140;34;0m[38;2;252;230;60m▄[48;2;255;249;78m[38;2;255;249;78m▄[48;2;156;51;0m[38;2;255;251;82m▄[48;2;136;33;0m[38;2;255;250;81m▄[48;2;255;249;78m[38;2;255;250;80m▄[48;2;145;37;0m[38;2;141;35;0m▄[48;2;255;244;77m[38;2;255;239;71m▄[48;2;255;238;68m[38;2;139;33;0m▄[48;2;255;237;68m[38;2;130;30;0m▄[48;2;142;35;0m[38;2;131;30;0m▄[48;2;255;230;60m[38;2;255;231;65m▄[48;2;140;34;0m[38;2;144;37;0m▄[48;2;118;24;0m[38;2;118;24;0m▄[48;2;0;0;0m[38;2;0;0;0m▄[48;2;148;32;0m[38;2;255;230;59m▄[48;2;132;30;0m[38;2;255;213;42m▄[48;2;118;25;0m[38;2;123;26;0m▄[48;2;0;0;0m[38;2;0;0;0m▄[38;2;255;206;28m▄[38;2;240;198;43m▄[38;2;131;29;0m▄[38;2;115;16;0m▄[38;2;140;33;0m▄[38;2;130;29;0m▄[38;2;121;26;0m▄[38;2;0;0;0m▄▄▄▄▄▄▄▄▄▄▄▄[0m
[48;2;0;0;0m[38;2;0;0;0m▄▄▄▄▄▄▄▄▄▄▄▄[48;2;255;221;52m▄[48;2;228;174;34m[38;2;255;216;42m▄[48;2;255;241;70m[38;2;0;0;0m▄[48;2;255;248;80m[38;2;255;230;59m▄[48;2;160;64;8m[38;2;179;79;6m▄[48;2;128;28;0m[38;2;129;28;0m▄[48;2;255;241;74m[38;2;255;224;58m▄[48;2;141;34;0m[38;2;141;34;0m▄[48;2;255;229;63m[38;2;255;214;48m▄[48;2;255;225;57m[38;2;139;33;0m▄[48;2;255;221;48m[38;2;128;29;0m▄[48;2;141;35;0m[38;2;130;30;0m▄[48;2;255;224;57m[38;2;255;212;46m▄[48;2;144;37;0m[38;2;144;37;0m▄[48;2;118;24;0m[38;2;119;25;0m▄[48;2;0;0;0m[38;2;0;0;0m▄[48;2;255;225;55m[38;2;255;216;47m▄[48;2;255;212;43m[38;2;255;206;39m▄[48;2;122;26;0m[38;2;122;26;0m▄[48;2;0;0;0m[38;2;0;0;0m▄[48;2;255;218;42m[38;2;255;218;45m▄[48;2;255;232;66m[38;2;255;226;60m▄[48;2;134;31;0m[38;2;137;33;0m▄[48;2;115;24;0m[38;2;116;21;0m▄[48;2;255;233;65m[38;2;255;229;63m▄[48;2;209;133;21m[38;2;190;116;21m▄[48;2;185;105;8m[38;2;121;25;0m▄[48;2;255;230;61m[38;2;255;229;61m▄[48;2;138;33;0m[38;2;254;218;45m▄[48;2;118;24;0m[38;2;136;32;0m▄[48;2;138;33;0m[38;2;255;233;67m▄[48;2;129;29;0m[38;2;254;211;31m▄[48;2;122;26;0m[38;2;127;29;0m▄[48;2;0;0;0m[38;2;0;0;0m▄▄▄▄▄▄[0m
[48;2;0;0;0m[38;2;0;0;0m▄▄▄▄▄▄▄▄▄▄▄▄▄▄▄▄▄▄▄▄[48;2;255;201;33m▄[48;2;255;198;30m▄[48;2;255;196;29m▄[48;2;148;40;0m▄[48;2;255;198;34m[38;2;255;195;16m▄[48;2;255;195;29m[38;2;255;192;23m▄[48;2;213;136;16m[38;2;255;192;25m▄[48;2;134;31;0m[38;2;143;36;0m▄[48;2;255;203;39m[38;2;255;191;27m▄[48;2;255;197;32m[38;2;255;194;30m▄[48;2;127;28;0m[38;2;255;194;29m▄[48;2;119;17;0m[38;2;254;188;23m▄[48;2;255;207;34m[38;2;136;32;0m▄[48;2;255;217;51m[38;2;255;204;40m▄[48;2;138;33;0m[38;2;141;34;0m▄[48;2;95;0;0m[38;2;127;28;0m▄[48;2;255;221;56m[38;2;255;210;46m▄[48;2;190;113;19m[38;2;188;104;13m▄[48;2;120;24;0m[38;2;118;25;0m▄[48;2;255;210;25m[38;2;255;185;23m▄[48;2;255;225;59m[38;2;255;219;53m▄[48;2;255;225;58m[38;2;255;220;55m▄[48;2;255;225;55m[38;2;139;34;0m▄[48;2;125;28;0m[38;2;117;24;0m▄[48;2;0;0;0m[38;2;0;0;0m▄▄▄▄▄▄▄[0m
[48;2;0;0;0m[38;2;0;0;0m▄▄▄▄▄▄▄▄▄▄▄▄▄▄▄▄▄▄▄▄▄▄▄▄▄▄▄▄▄[48;2;255;218;0m▄[48;2;255;191;22m▄[48;2;255;186;17m▄[48;2;135;31;0m▄[48;2;255;194;23m▄[48;2;255;193;28m▄[48;2;255;194;29m[38;2;255;188;18m▄[48;2;255;198;32m[38;2;0;0;0m▄[48;2;134;30;0m▄[48;2;0;0;0m[38;2;255;192;15m▄[48;2;255;202;34m[38;2;255;193;27m▄[48;2;255;205;38m[38;2;134;31;0m▄[48;2;255;207;41m[38;2;255;196;22m▄[48;2;255;204;32m[38;2;255;197;32m▄[48;2;127;28;0m[38;2;139;33;0m▄[48;2;0;0;0m[38;2;118;24;0m▄[38;2;0;0;0m▄▄▄▄▄▄[0m
[48;2;0;0;0m[38;2;0;0;0m▄▄▄▄▄▄▄▄▄▄▄▄▄▄▄▄▄▄▄▄▄▄▄▄▄▄▄▄▄▄▄▄▄▄▄▄▄▄▄▄▄▄[48;2;255;191;20m▄[48;2;255;189;12m▄[48;2;129;29;0m▄[48;2;0;0;0m▄▄▄▄▄▄[0m
[48;2;0;0;0m[38;2;0;0;0m▄▄▄▄▄▄▄▄▄▄▄▄▄▄▄▄▄▄▄▄▄▄▄▄▄▄▄▄▄▄▄▄▄▄▄▄▄▄▄▄▄▄▄▄▄▄▄▄▄▄▄[0m
[48;2;0;0;0m[38;2;0;0;0m▄▄▄▄▄▄▄▄▄▄▄▄▄▄▄▄▄▄▄▄▄▄▄▄▄▄▄▄▄▄▄▄▄▄▄▄▄▄▄▄▄▄▄▄▄▄▄▄▄▄▄[0m
[48;2;0;0;0m[38;2;0;0;0m▄▄▄▄▄▄▄▄▄▄▄▄▄▄▄▄▄▄▄▄▄▄▄▄▄▄▄▄▄▄▄▄▄▄▄▄▄▄▄▄▄▄▄▄▄▄▄▄▄▄▄[0m
[48;2;0;0;0m[38;2;0;0;0m▄▄▄▄▄▄▄▄▄▄▄▄▄▄▄▄▄▄▄▄▄▄▄▄▄▄▄▄▄▄▄▄▄▄▄▄▄▄▄▄▄▄▄▄▄▄▄▄▄▄▄[0m
