[48;2;0;0;0m[38;2;0;0;0m▄▄▄▄▄▄▄▄▄▄▄▄▄▄▄▄▄▄▄▄▄▄▄▄▄▄▄▄▄▄▄▄▄▄▄▄▄▄▄▄▄▄▄▄▄▄▄▄▄▄▄[0m
[48;2;0;0;0m[38;2;0;0;0m▄▄▄▄▄▄▄▄▄▄▄▄▄▄▄▄▄▄▄▄▄▄▄▄▄▄▄▄▄▄▄▄▄▄▄▄▄▄▄▄▄▄▄▄▄▄▄▄▄▄▄[0m
[48;2;0;0;0m[38;2;0;0;0m▄▄▄▄▄▄▄▄▄▄▄▄▄▄▄▄▄▄▄▄▄▄▄▄▄▄▄▄▄▄▄▄▄▄▄▄▄▄▄▄▄▄▄▄▄▄▄▄▄▄▄[0m
[48;2;0;0;0m[38;2;0;0;0m▄▄▄▄▄▄▄▄▄▄▄▄▄▄▄▄▄▄▄▄▄▄▄▄▄▄▄▄▄▄▄▄▄▄▄▄▄▄▄▄▄▄▄▄▄▄▄▄▄▄▄[0m
[48;2;0;0;0m[38;2;0;0;0m▄▄▄▄▄▄▄▄▄▄▄▄▄▄▄▄▄▄▄▄▄▄▄▄▄▄▄▄▄▄▄▄▄▄▄▄▄▄▄▄▄▄▄▄▄▄▄▄▄▄▄[0m
[48;2;0;0;0m[38;2;0;0;0m▄▄▄▄▄▄▄▄▄▄[38;2;255;212;24m▄[38;2;255;246;77m▄[48;2;113;22;0m[38;2;255;249;79m▄[48;2;103;19;0m[38;2;123;26;0m▄[48;2;0;0;0m[38;2;255;243;68m▄[38;2;254;242;71m▄[38;2;108;21;0m▄[38;2;189;117;15m▄[38;2;116;23;0m▄[38;2;107;21;0m▄[38;2;112;23;0m▄[38;2;110;22;0m▄[38;2;108;22;0m▄[38;2;104;18;0m▄[38;2;0;0;0m▄▄▄▄▄▄▄▄▄▄▄▄▄▄▄▄▄▄▄▄▄▄▄▄▄▄▄[0m
[48;2;0;0;0m[38;2;0;0;0m▄▄▄▄▄▄▄▄▄▄[48;2;255;225;41m▄[48;2;255;239;70m[38;2;255;217;37m▄[48;2;132;32;0m[38;2;255;242;73m▄[48;2;127;31;0m[38;2;203;133;15m▄[48;2;255;237;56m[38;2;255;213;31m▄[48;2;255;246;76m[38;2;255;251;83m▄[48;2;113;23;0m[38;2;255;250;81m▄[48;2;255;250;81m[38;2;255;252;83m▄[48;2;126;27;0m[38;2;135;35;0m▄[48;2;255;250;81m[38;2;255;251;84m▄[48;2;255;251;82m[38;2;254;234;64m▄[48;2;255;249;80m[38;2;117;24;0m▄[48;2;255;242;73m[38;2;113;23;0m▄[48;2;125;29;0m[38;2;112;24;0m▄[48;2;255;235;66m[38;2;255;235;69m▄[48;2;121;26;0m[38;2;126;29;0m▄[48;2;96;16;0m[38;2;96;16;0m▄[48;2;0;0;0m[38;2;0;0;0m▄[48;2;131;32;0m[38;2;255;229;60m▄[48;2;113;24;0m[38;2;255;231;63m▄[48;2;104;19;0m[38;2;110;21;0m▄[48;2;0;0;0m[38;2;0;0;0m▄▄[38;2;255;229;59m▄[38;2;253;216;47m▄[38;2;102;19;0m▄[38;2;246;176;11m▄[38;2;112;22;0m▄[38;2;109;21;0m▄[38;2;111;23;0m▄[38;2;111;22;0m▄[38;2;100;18;0m▄[38;2;0;0;0m▄▄▄▄▄▄▄▄▄[0m
[48;2;0;0;0m[38;2;0;0;0m▄▄▄▄▄▄▄▄▄▄[48;2;255;208;30m▄[48;2;241;182;29m[38;2;255;202;31m▄[48;2;123;27;0m[38;2;255;209;38m▄[48;2;255;234;64m[38;2;177;87;6m▄[48;2;248;172;19m[38;2;255;225;52m▄[48;2;255;247;76m[38;2;255;237;68m▄[48;2;113;23;0m[38;2;111;22;0m▄[48;2;255;251;82m[38;2;255;241;73m▄[48;2;176;74;0m[38;2;181;108;16m▄[48;2;255;246;78m[38;2;255;232;63m▄[48;2;255;242;73m[38;2;255;225;55m▄[48;2;255;235;65m[38;2;116;23;0m▄[48;2;255;228;59m[38;2;110;21;0m▄[48;2;118;25;0m[38;2;107;21;0m▄[48;2;255;227;62m[38;2;255;216;50m▄[48;2;126;29;0m[38;2;126;29;0m▄[48;2;96;16;0m[38;2;99;17;0m▄[48;2;0;0;0m[38;2;0;0;0m▄[48;2;255;222;53m[38;2;255;213;43m▄[48;2;255;226;58m[38;2;255;216;48m▄[48;2;109;20;0m[38;2;109;20;0m▄[48;2;0;0;0m[38;2;0;0;0m▄▄[48;2;255;229;62m[38;2;255;223;57m▄[48;2;250;219;53m[38;2;246;209;45m▄[48;2;102;18;0m[38;2;103;19;0m▄[48;2;255;224;49m[38;2;255;217;42m▄[48;2;255;234;68m[38;2;255;228;62m▄[48;2;117;25;0m[38;2;114;23;0m▄[48;2;255;211;31m[38;2;0;0;0m▄[48;2;255;232;63m[38;2;255;228;61m▄[48;2;117;25;0m[38;2;255;211;35m▄[48;2;0;0;0m[38;2;255;227;58m▄[48;2;255;230;61m[38;2;255;230;62m▄[48;2;254;210;26m[38;2;106;20;0m▄[48;2;0;0;0m[38;2;0;0;0m▄▄▄▄▄▄[0m
[48;2;0;0;0m[38;2;0;0;0m▄▄▄▄▄▄▄▄▄▄▄▄▄▄▄▄▄[48;2;255;214;35m▄[48;2;183;111;13m▄[48;2;255;214;36m▄[48;2;255;212;43m▄[48;2;255;206;40m▄[48;2;255;202;35m▄[48;2;122;26;0m▄[48;2;255;201;37m[38;2;255;193;21m▄[48;2;255;197;30m[38;2;255;193;24m▄[48;2;254;195;28m[38;2;255;193;26m▄[48;2;126;35;1m[38;2;239;172;17m▄[48;2;255;205;38m[38;2;255;194;23m▄[48;2;255;203;38m[38;2;255;194;30m▄[48;2;114;23;0m[38;2;255;194;29m▄[48;2;106;20;0m[38;2;255;193;28m▄[48;2;102;17;0m[38;2;118;24;0m▄[48;2;255;213;47m[38;2;255;200;32m▄[48;2;246;198;38m▄[48;2;103;19;0m[38;2;116;24;0m▄[48;2;255;211;40m[38;2;255;203;35m▄[48;2;255;219;52m[38;2;255;206;40m▄[48;2;112;22;0m[38;2;111;22;0m▄[48;2;0;0;0m[38;2;0;0;0m▄[48;2;255;209;31m[38;2;255;207;39m▄[48;2;255;224;58m[38;2;255;214;49m▄[48;2;255;224;59m[38;2;255;214;47m▄[48;2;108;21;0m[38;2;118;25;0m▄[48;2;0;0;0m[38;2;0;0;0m▄▄▄▄▄▄▄[0m
[48;2;0;0;0m[38;2;0;0;0m▄▄▄▄▄▄▄▄▄▄▄▄▄▄▄▄▄▄▄▄▄▄▄▄▄▄▄▄▄▄▄[48;2;255;190;18m▄[48;2;120;30;0m▄[48;2;0;0;0m▄[48;2;255;191;23m▄[48;2;255;192;27m▄[48;2;255;193;28m▄[48;2;251;187;20m▄[48;2;0;0;0m[38;2;255;187;6m▄[48;2;255;193;22m[38;2;255;191;19m▄[48;2;255;199;35m[38;2;252;187;16m▄[48;2;117;29;0m[38;2;0;0;0m▄[48;2;255;203;36m[38;2;255;193;17m▄[48;2;255;199;29m[38;2;255;193;27m▄[48;2;108;21;0m[38;2;120;26;0m▄[48;2;0;0;0m[38;2;95;15;0m▄[38;2;0;0;0m▄▄▄▄▄[0m
[48;2;0;0;0m[38;2;0;0;0m▄▄▄▄▄▄▄▄▄▄▄▄▄▄▄▄▄▄▄▄▄▄▄▄▄▄▄▄▄▄▄▄▄▄▄▄▄▄▄▄▄▄▄▄▄▄▄▄▄▄▄[0m
[48;2;0;0;0m[38;2;0;0;0m▄▄▄▄▄▄▄▄▄▄▄▄▄▄▄▄▄▄▄▄▄▄▄▄▄▄▄▄▄▄▄▄▄▄▄▄▄▄▄▄▄▄▄▄▄▄▄▄▄▄▄[0m
[48;2;0;0;0m[38;2;0;0;0m▄▄▄▄▄▄▄▄▄▄▄▄▄▄▄▄▄▄▄▄▄▄▄▄▄▄▄▄▄▄▄▄▄▄▄▄▄▄▄▄▄▄▄▄▄▄▄▄▄▄▄[0m
[48;2;0;0;0m[38;2;0;0;0m▄▄▄▄▄▄▄▄▄▄▄▄▄▄▄▄▄▄▄▄▄▄▄▄▄▄▄▄▄▄▄▄▄▄▄▄▄▄▄▄▄▄▄▄▄▄▄▄▄▄▄[0m
[48;2;0;0;0m[38;2;0;0;0m▄▄▄▄▄▄▄▄▄▄▄▄▄▄▄▄▄▄▄▄▄▄▄▄▄▄▄▄▄▄▄▄▄▄▄▄▄▄▄▄▄▄▄▄▄▄▄▄▄▄▄[0m
