[48;2;0;0;0m[38;2;0;0;0m▄▄▄▄▄▄▄▄▄▄▄▄▄▄▄▄▄▄▄▄▄▄▄▄▄▄▄▄▄▄▄▄▄▄▄▄▄▄▄▄▄▄▄▄▄▄▄▄▄▄▄[0m
[48;2;0;0;0m[38;2;0;0;0m▄▄▄▄▄▄▄▄▄▄▄▄▄▄▄▄▄▄▄▄▄▄▄▄▄▄▄▄▄▄▄▄▄▄▄▄▄▄▄▄▄▄▄▄▄▄▄▄▄▄▄[0m
[48;2;0;0;0m[38;2;0;0;0m▄▄▄▄▄▄▄▄▄▄▄▄▄▄▄▄▄▄▄▄▄▄▄▄▄▄▄▄▄▄▄▄▄▄▄▄▄▄▄▄▄▄▄▄▄▄▄▄▄▄▄[0m
[48;2;0;0;0m[38;2;0;0;0m▄▄▄▄▄▄▄▄▄▄▄▄▄▄▄▄▄▄▄▄▄▄▄▄▄▄▄▄▄▄▄▄▄▄▄▄▄▄▄▄▄▄▄▄▄▄▄▄▄▄▄[0m
[48;2;0;0;0m[38;2;0;0;0m▄▄▄▄▄▄▄▄▄▄▄▄▄▄▄▄▄▄▄▄▄▄▄▄▄▄▄▄▄▄▄▄▄▄▄▄▄▄▄▄▄▄▄▄▄▄▄▄▄▄▄[0m
[48;2;0;0;0m[38;2;0;0;0m▄▄▄▄▄▄▄▄▄▄▄▄▄▄▄▄▄▄▄▄▄▄▄▄▄▄▄▄▄▄▄▄[38;2;172;45;0m▄[38;2;182;51;0m▄[38;2;0;0;0m▄▄[38;2;181;50;0m▄[38;2;186;55;0m▄[38;2;177;49;0m▄[38;2;185;53;0m▄[38;2;0;0;0m▄[38;2;178;48;0m▄[38;2;184;53;0m▄[38;2;198;65;0m▄[38;2;0;0;0m▄▄▄▄▄▄▄[0m
[48;2;0;0;0m[38;2;0;0;0m▄▄▄▄▄▄[38;2;251;199;26m▄[48;2;181;50;0m[38;2;255;231;61m▄[48;2;182;52;0m[38;2;255;231;62m▄[48;2;178;51;0m[38;2;255;229;60m▄[48;2;0;0;0m[38;2;178;51;0m▄[48;2;179;51;0m[38;2;187;54;0m▄[48;2;180;50;0m[38;2;255;233;66m▄[48;2;0;0;0m[38;2;255;159;0m▄[38;2;0;0;0m▄[48;2;180;52;0m[38;2;255;231;61m▄[48;2;182;52;0m[38;2;255;232;65m▄[48;2;0;0;0m[38;2;0;0;0m▄[48;2;187;64;1m[38;2;255;232;64m▄[48;2;189;70;4m[38;2;255;234;68m▄[48;2;195;77;6m[38;2;255;235;66m▄[48;2;231;125;9m[38;2;255;235;59m▄[48;2;255;186;13m[38;2;255;215;36m▄[48;2;180;52;0m[38;2;181;50;0m▄[48;2;255;242;68m[38;2;255;252;84m▄[48;2;0;0;0m[38;2;0;0;0m▄▄▄[48;2;184;54;0m[38;2;188;57;0m▄[48;2;255;250;80m[38;2;255;252;83m▄[48;2;0;0;0m[38;2;0;0;0m▄▄[48;2;178;48;0m[38;2;178;51;0m▄[48;2;255;249;79m[38;2;255;250;81m▄[48;2;255;246;73m[38;2;255;250;80m▄[48;2;0;0;0m[38;2;0;0;0m▄[48;2;186;53;0m[38;2;194;62;0m▄[48;2;255;242;75m[38;2;255;237;69m▄[48;2;185;46;0m[38;2;0;0;0m▄[48;2;255;228;57m[38;2;181;51;0m▄[48;2;255;230;62m[38;2;255;228;61m▄[48;2;190;56;0m[38;2;255;224;57m▄[48;2;255;232;65m[38;2;254;213;34m▄[48;2;0;0;0m[38;2;0;0;0m▄▄▄▄▄▄▄▄[0m
[48;2;0;0;0m[38;2;0;0;0m▄▄▄▄▄▄[48;2;255;230;64m[38;2;255;216;42m▄[48;2;198;75;0m[38;2;255;223;56m▄[48;2;183;53;0m[38;2;255;220;53m▄[48;2;255;218;45m[38;2;255;216;46m▄[48;2;255;200;13m[38;2;184;55;0m▄[48;2;177;48;0m[38;2;0;0;0m▄[48;2;255;229;64m[38;2;255;221;56m▄[48;2;183;53;0m[38;2;255;220;53m▄[48;2;184;54;0m▄[48;2;255;224;56m[38;2;255;219;54m▄[48;2;255;227;60m[38;2;255;218;51m▄[48;2;0;0;0m[38;2;0;0;0m▄[48;2;255;225;58m[38;2;255;215;48m▄[48;2;255;227;60m[38;2;255;219;52m▄[48;2;196;70;0m[38;2;255;220;48m▄[48;2;226;154;28m[38;2;255;218;46m▄[48;2;238;153;17m[38;2;255;204;25m▄[48;2;180;50;0m[38;2;180;50;0m▄[48;2;255;247;79m[38;2;255;236;70m▄[48;2;0;0;0m[38;2;0;0;0m▄[38;2;255;0;0m▄[38;2;0;0;0m▄[48;2;192;62;0m[38;2;203;74;0m▄[48;2;255;252;84m[38;2;255;251;84m▄[48;2;0;0;0m[38;2;183;51;0m▄[38;2;182;51;0m▄[48;2;180;51;0m[38;2;0;0;0m▄[48;2;255;249;80m[38;2;255;237;67m▄[48;2;255;246;78m[38;2;255;232;63m▄[48;2;0;0;0m[38;2;181;51;0m▄[48;2;233;137;12m[38;2;247;192;34m▄[48;2;255;227;60m[38;2;255;213;44m▄[48;2;0;0;0m[38;2;178;49;0m▄[48;2;183;52;0m[38;2;254;197;28m▄[48;2;255;215;48m[38;2;255;205;36m▄[48;2;255;218;52m[38;2;253;198;31m▄[48;2;255;205;24m[38;2;255;199;32m▄[48;2;0;0;0m[38;2;0;0;0m▄▄▄▄▄▄▄▄[0m
[48;2;0;0;0m[38;2;0;0;0m▄▄▄▄▄▄[48;2;183;53;0m[38;2;255;199;31m▄[48;2;182;53;0m[38;2;255;194;27m▄[48;2;0;0;0m[38;2;239;159;17m▄[48;2;255;209;43m[38;2;255;196;31m▄[48;2;255;207;37m[38;2;255;196;22m▄[48;2;0;0;0m[38;2;0;0;0m▄[48;2;255;208;44m[38;2;255;195;31m▄[48;2;255;205;32m[38;2;255;191;23m▄[48;2;0;0;0m[38;2;0;0;0m▄[48;2;255;200;34m[38;2;255;193;24m▄[48;2;255;206;42m[38;2;255;194;28m▄[48;2;0;0;0m[38;2;0;0;0m▄[48;2;255;203;37m[38;2;255;194;25m▄[48;2;255;203;38m[38;2;255;195;29m▄[48;2;185;55;0m[38;2;255;195;27m▄[48;2;185;60;1m[38;2;255;198;31m▄[48;2;192;65;1m[38;2;255;195;23m▄[48;2;180;49;0m[38;2;183;51;0m▄[48;2;255;222;57m[38;2;255;208;38m▄[48;2;255;219;50m[38;2;255;211;38m▄[48;2;255;227;59m[38;2;255;218;46m▄[48;2;255;223;52m[38;2;255;211;31m▄[48;2;234;113;2m[38;2;249;151;5m▄[48;2;255;242;75m[38;2;255;222;43m▄[48;2;255;238;68m[38;2;255;214;26m▄[48;2;255;235;67m[38;2;0;0;0m▄[48;2;255;213;27m▄[48;2;196;65;0m▄[48;2;255;217;49m▄[48;2;255;209;42m▄[48;2;255;204;37m▄[48;2;255;200;25m▄[48;2;187;55;0m▄[48;2;255;193;25m▄[48;2;0;0;0m▄▄[48;2;255;190;22m▄[48;2;255;192;11m▄[48;2;0;0;0m▄▄▄▄▄▄▄[0m
[48;2;0;0;0m[38;2;0;0;0m▄▄▄▄▄▄▄[48;2;255;190;20m▄[48;2;255;190;21m▄[48;2;255;188;18m▄[48;2;0;0;0m▄▄▄▄▄▄▄▄▄▄▄▄▄▄▄▄▄▄▄▄▄▄▄▄▄▄▄▄▄▄▄▄▄▄▄▄▄▄▄▄▄[0m
[48;2;0;0;0m[38;2;0;0;0m▄▄▄▄▄▄▄▄▄▄▄▄▄▄▄▄▄▄▄▄▄▄▄▄▄▄▄▄▄▄▄▄▄▄▄▄▄▄▄▄▄▄▄▄▄▄▄▄▄▄▄[0m
[48;2;0;0;0m[38;2;0;0;0m▄▄▄▄▄▄▄▄▄▄▄▄▄▄▄▄▄▄▄▄▄▄▄▄▄▄▄▄▄▄▄▄▄▄▄▄▄▄▄▄▄▄▄▄▄▄▄▄▄▄▄[0m
[48;2;0;0;0m[38;2;0;0;0m▄▄▄▄▄▄▄▄▄▄▄▄▄▄▄▄▄▄▄▄▄▄▄▄▄▄▄▄▄▄▄▄▄▄▄▄▄▄▄▄▄▄▄▄▄▄▄▄▄▄▄[0m
[48;2;0;0;0m[38;2;0;0;0m▄▄▄▄▄▄▄▄▄▄▄▄▄▄▄▄▄▄▄▄▄▄▄▄▄▄▄▄▄▄▄▄▄▄▄▄▄▄▄▄▄▄▄▄▄▄▄▄▄▄▄[0m
[48;2;0;0;0m[38;2;0;0;0m▄▄▄▄▄▄▄▄▄▄▄▄▄▄▄▄▄▄▄▄▄▄▄▄▄▄▄▄▄▄▄▄▄▄▄▄▄▄▄▄▄▄▄▄▄▄▄▄▄▄▄[0m
