[48;2;0;0;0m[38;2;0;0;0m▄▄▄▄▄▄▄▄▄▄▄▄▄▄▄▄▄▄▄▄▄▄▄▄▄▄▄▄▄▄▄▄▄▄▄▄▄▄▄▄▄▄▄▄▄▄▄▄▄▄▄[0m
[48;2;0;0;0m[38;2;0;0;0m▄▄▄▄▄▄▄▄▄▄▄▄▄▄▄▄▄▄▄▄▄▄▄▄▄▄▄▄▄▄▄▄▄▄▄▄▄▄▄▄▄▄▄▄▄▄▄▄▄▄▄[0m
[48;2;0;0;0m[38;2;0;0;0m▄▄▄▄▄▄▄▄▄▄▄▄▄▄▄▄▄▄▄▄▄▄▄▄▄▄▄▄▄▄▄▄▄▄▄▄▄▄▄▄▄▄▄▄▄▄▄▄▄▄▄[0m
[48;2;0;0;0m[38;2;0;0;0m▄▄▄▄▄▄▄▄▄▄▄▄▄▄▄▄▄▄▄▄▄▄▄▄▄▄▄▄▄▄▄▄▄▄▄▄▄▄▄▄▄▄▄▄▄▄▄▄▄▄▄[0m
[48;2;0;0;0m[38;2;0;0;0m▄▄▄▄▄▄▄▄▄▄▄▄▄▄▄▄▄▄▄▄▄▄▄▄▄▄▄▄▄▄▄▄▄▄▄▄▄▄▄▄▄▄▄▄▄▄▄▄▄▄▄[0m
[48;2;0;0;0m[38;2;0;0;0m▄▄▄▄▄▄▄▄▄[38;2;255;214;38m▄[38;2;255;236;64m▄[38;2;253;210;35m▄[38;2;177;49;0m▄[38;2;228;139;15m▄[38;2;206;98;3m▄[38;2;170;46;0m▄[38;2;191;51;0m▄[38;2;182;52;0m▄[38;2;173;47;0m▄[38;2;180;49;0m▄[38;2;176;49;0m▄[38;2;174;48;0m▄[38;2;177;44;0m▄[38;2;0;0;0m▄▄▄▄▄▄▄▄▄▄▄▄▄▄▄▄▄▄▄▄▄▄▄▄▄▄▄▄[0m
[48;2;0;0;0m[38;2;0;0;0m▄▄▄▄▄▄▄▄▄[48;2;255;232;66m[38;2;255;217;40m▄[48;2;189;56;0m[38;2;255;227;60m▄[48;2;255;237;67m[38;2;255;225;55m▄[48;2;190;66;0m[38;2;182;52;0m▄[48;2;255;241;65m[38;2;255;226;47m▄[48;2;255;251;83m[38;2;255;250;81m▄[48;2;174;47;0m[38;2;246;218;58m▄[48;2;255;244;74m[38;2;255;243;74m▄[48;2;255;249;77m[38;2;255;250;80m▄[48;2;177;49;0m[38;2;178;49;0m▄[48;2;255;252;83m[38;2;255;252;83m▄[48;2;255;250;81m[38;2;188;56;0m▄[38;2;176;49;0m▄[48;2;255;246;73m[38;2;180;54;0m▄[48;2;176;49;0m[38;2;0;0;0m▄[48;2;255;247;77m[38;2;255;247;80m▄[48;2;178;50;0m[38;2;181;51;0m▄[48;2;0;0;0m[38;2;0;0;0m▄▄[48;2;234;150;15m[38;2;255;214;40m▄[48;2;184;59;0m[38;2;255;234;68m▄[48;2;176;49;0m[38;2;178;50;0m▄[48;2;0;0;0m[38;2;0;0;0m▄▄[38;2;255;206;32m▄[48;2;177;49;0m[38;2;255;232;65m▄[48;2;172;45;0m[38;2;179;50;0m▄[48;2;0;0;0m[38;2;0;0;0m▄[48;2;182;36;0m[38;2;255;229;58m▄[48;2;0;0;0m[38;2;255;223;51m▄[38;2;255;204;0m▄[38;2;250;209;45m▄[38;2;236;156;9m▄[38;2;0;0;0m▄[38;2;182;52;0m▄[38;2;178;51;0m▄[38;2;177;50;0m▄[38;2;0;0;0m▄▄▄▄▄[0m
[48;2;0;0;0m[38;2;0;0;0m▄▄▄▄▄▄▄▄▄[48;2;231;150;20m[38;2;255;198;26m▄[48;2;186;54;0m[38;2;255;194;27m▄[48;2;255;219;51m[38;2;255;202;35m▄[48;2;255;218;48m[38;2;245;182;28m▄[48;2;255;218;47m[38;2;255;211;43m▄[48;2;255;241;73m[38;2;255;225;57m▄[48;2;255;246;75m[38;2;175;46;0m▄[48;2;255;250;81m[38;2;255;229;53m▄[48;2;255;251;83m[38;2;255;247;78m▄[48;2;178;49;0m[38;2;179;50;0m▄[48;2;255;251;83m[38;2;255;249;81m▄[48;2;255;250;81m[38;2;184;53;0m▄[48;2;255;248;77m[38;2;175;48;0m▄[48;2;255;238;56m[38;2;175;47;0m▄[48;2;173;47;0m[38;2;171;45;0m▄[48;2;255;239;73m[38;2;255;228;63m▄[48;2;181;51;0m[38;2;182;51;0m▄[48;2;0;0;0m[38;2;0;0;0m▄▄[48;2;255;218;45m[38;2;255;214;44m▄[48;2;255;229;63m[38;2;255;219;53m▄[48;2;176;49;0m[38;2;176;48;0m▄[48;2;0;0;0m[38;2;0;0;0m▄▄[48;2;255;210;36m[38;2;255;215;40m▄[48;2;255;230;64m[38;2;255;221;55m▄[48;2;177;49;0m[38;2;175;48;0m▄[48;2;0;0;0m[38;2;0;0;0m▄[48;2;255;230;64m[38;2;255;223;57m▄[48;2;255;227;58m[38;2;255;221;51m▄[48;2;0;0;0m[38;2;0;0;0m▄[48;2;255;225;54m▄[48;2;255;230;62m[38;2;255;226;59m▄[48;2;178;50;0m[38;2;255;222;53m▄[48;2;255;230;62m[38;2;255;227;60m▄[48;2;255;229;61m[38;2;0;0;0m▄[48;2;0;0;0m▄▄▄▄▄▄[0m
[48;2;0;0;0m[38;2;0;0;0m▄▄▄▄▄▄▄▄▄▄▄▄▄[48;2;255;209;33m▄[48;2;255;205;34m▄[48;2;0;0;0m▄[48;2;255;222;42m▄[48;2;255;230;58m▄[48;2;182;51;0m▄[48;2;255;235;68m▄[48;2;255;231;64m▄[48;2;255;224;57m▄[48;2;255;218;47m[38;2;255;198;14m▄[48;2;178;50;0m[38;2;0;0;0m▄[48;2;255;213;49m[38;2;255;202;29m▄[48;2;255;203;37m[38;2;255;198;28m▄[48;2;255;201;33m[38;2;255;196;28m▄[48;2;191;68;1m[38;2;255;196;23m▄[48;2;255;203;35m[38;2;255;194;22m▄[48;2;255;205;42m[38;2;255;193;29m▄[48;2;182;51;0m[38;2;255;194;29m▄[48;2;177;49;0m▄[48;2;176;48;0m[38;2;255;188;20m▄[48;2;255;205;31m[38;2;255;182;0m▄[48;2;255;209;44m[38;2;255;198;32m▄[48;2;177;49;0m[38;2;255;194;26m▄[48;2;0;0;0m[38;2;254;193;26m▄[48;2;255;213;47m[38;2;255;200;37m▄[48;2;255;211;40m[38;2;227;138;13m▄[48;2;0;0;0m[38;2;0;0;0m▄[38;2;255;199;29m▄[48;2;255;214;46m[38;2;255;205;39m▄[48;2;255;219;54m[38;2;255;202;30m▄[48;2;254;207;35m[38;2;255;206;40m▄[48;2;170;0;0m[38;2;177;49;0m▄[48;2;0;0;0m[38;2;0;0;0m▄▄▄▄▄▄[0m
[48;2;0;0;0m[38;2;0;0;0m▄▄▄▄▄▄▄▄▄▄▄▄▄▄▄▄▄▄▄▄▄▄▄▄▄▄▄▄▄▄▄▄▄▄[48;2;255;255;0m▄[48;2;255;189;19m▄[48;2;255;190;20m▄[48;2;255;187;17m▄[48;2;0;0;0m▄[48;2;250;174;9m▄[48;2;255;192;26m▄[48;2;253;186;17m▄[48;2;0;0;0m▄[48;2;255;195;28m▄[48;2;255;192;23m[38;2;255;196;19m▄[48;2;174;46;0m[38;2;201;80;0m▄[48;2;0;0;0m[38;2;0;0;0m▄▄▄▄▄[0m
[48;2;0;0;0m[38;2;0;0;0m▄▄▄▄▄▄▄▄▄▄▄▄▄▄▄▄▄▄▄▄▄▄▄▄▄▄▄▄▄▄▄▄▄▄▄▄▄▄▄▄▄▄▄▄▄▄▄▄▄▄▄[0m
[48;2;0;0;0m[38;2;0;0;0m▄▄▄▄▄▄▄▄▄▄▄▄▄▄▄▄▄▄▄▄▄▄▄▄▄▄▄▄▄▄▄▄▄▄▄▄▄▄▄▄▄▄▄▄▄▄▄▄▄▄▄[0m
[48;2;0;0;0m[38;2;0;0;0m▄▄▄▄▄▄▄▄▄▄▄▄▄▄▄▄▄▄▄▄▄▄▄▄▄▄▄▄▄▄▄▄▄▄▄▄▄▄▄▄▄▄▄▄▄▄▄▄▄▄▄[0m
[48;2;0;0;0m[38;2;0;0;0m▄▄▄▄▄▄▄▄▄▄▄▄▄▄▄▄▄▄▄▄▄▄▄▄▄▄▄▄▄▄▄▄▄▄▄▄▄▄▄▄▄▄▄▄▄▄▄▄▄▄▄[0m
[48;2;0;0;0m[38;2;0;0;0m▄▄▄▄▄▄▄▄▄▄▄▄▄▄▄▄▄▄▄▄▄▄▄▄▄▄▄▄▄▄▄▄▄▄▄▄▄▄▄▄▄▄▄▄▄▄▄▄▄▄▄[0m
