[48;2;0;0;0m[38;2;0;0;0m▄▄▄▄▄▄▄▄▄▄▄▄▄▄▄▄▄▄▄▄▄▄▄▄▄▄▄▄▄▄▄▄▄▄▄▄▄▄▄▄▄▄▄▄▄▄▄▄▄▄▄[0m
[48;2;0;0;0m[38;2;0;0;0m▄▄▄▄▄▄▄▄▄▄▄▄▄▄▄▄▄▄▄▄▄▄▄▄▄▄▄▄▄▄▄▄▄▄▄▄▄▄▄▄▄▄▄▄▄▄▄▄▄▄▄[0m
[48;2;0;0;0m[38;2;0;0;0m▄▄▄▄▄▄▄▄▄▄▄▄▄▄▄▄▄▄▄▄▄▄▄▄▄▄▄▄▄▄▄▄▄▄▄▄▄▄▄▄▄▄▄▄▄▄▄▄▄▄▄[0m
[48;2;0;0;0m[38;2;0;0;0m▄▄▄▄▄▄▄▄▄▄▄▄▄▄▄▄▄▄▄▄▄▄▄▄▄▄▄▄▄▄▄▄▄▄▄▄▄▄▄▄▄▄▄▄▄▄▄▄▄▄▄[0m
[48;2;0;0;0m[38;2;0;0;0m▄▄▄▄▄▄▄▄▄▄▄▄▄▄▄▄▄▄▄▄▄▄▄▄▄▄▄▄▄▄▄▄▄▄▄▄▄▄▄▄▄▄▄▄▄▄▄▄▄▄▄[0m
[48;2;0;0;0m[38;2;0;0;0m▄▄▄▄▄▄▄▄▄▄▄▄▄▄▄▄▄▄▄▄▄▄▄▄▄▄▄▄[38;2;88;11;0m▄[38;2;0;0;0m▄▄▄[38;2;90;14;0m▄[38;2;93;16;0m▄[38;2;0;0;0m▄[38;2;93;14;0m▄[38;2;106;22;0m▄[38;2;145;59;0m▄[38;2;164;95;8m▄[38;2;240;174;24m▄[38;2;100;17;0m▄[38;2;254;224;54m▄[38;2;255;218;39m▄[38;2;0;0;0m▄▄▄▄▄▄▄▄[0m
[48;2;0;0;0m[38;2;0;0;0m▄▄▄▄▄▄[38;2;97;16;0m▄[38;2;234;189;34m▄[38;2;255;225;56m▄[38;2;235;186;28m▄[38;2;0;0;0m▄[38;2;91;15;0m▄[48;2;78;0;0m[38;2;255;231;63m▄[48;2;0;0;0m[38;2;255;200;25m▄[38;2;0;0;0m▄[48;2;94;17;0m[38;2;255;220;44m▄[48;2;99;19;0m[38;2;255;233;67m▄[48;2;0;0;0m[38;2;0;0;0m▄[48;2;98;18;0m[38;2;255;231;63m▄[48;2;97;17;0m[38;2;255;234;68m▄[48;2;102;20;0m[38;2;255;231;63m▄[48;2;117;38;3m▄[48;2;132;50;4m[38;2;255;227;57m▄[48;2;100;16;0m[38;2;102;17;0m▄[48;2;255;231;52m[38;2;255;241;71m▄[48;2;0;0;0m[38;2;0;0;0m▄▄[48;2;85;9;0m[38;2;85;9;0m▄[48;2;255;211;20m[38;2;255;209;22m▄[48;2;255;249;78m[38;2;255;251;82m▄[48;2;0;0;0m[38;2;0;0;0m▄▄[48;2;102;18;0m[38;2;100;17;0m▄[48;2;255;250;80m[38;2;255;250;80m▄[48;2;255;214;29m[38;2;0;0;0m▄[48;2;100;16;0m[38;2;101;17;0m▄[48;2;255;251;83m[38;2;255;249;80m▄[48;2;255;245;73m[38;2;255;225;36m▄[48;2;103;19;0m[38;2;92;14;0m▄[48;2;255;238;69m[38;2;255;220;47m▄[48;2;115;24;0m[38;2;255;228;63m▄[48;2;255;231;63m[38;2;255;213;34m▄[48;2;0;0;0m[38;2;0;0;0m▄▄▄▄▄▄▄▄▄[0m
[48;2;0;0;0m[38;2;0;0;0m▄▄▄▄▄[48;2;88;11;0m▄[48;2;255;229;60m[38;2;255;225;58m▄[48;2;255;222;51m[38;2;255;224;56m▄[48;2;255;205;28m[38;2;255;217;45m▄[48;2;255;230;62m[38;2;155;82;11m▄[48;2;255;205;25m[38;2;0;0;0m▄[48;2;87;13;0m[38;2;94;18;0m▄[48;2;255;231;66m[38;2;255;224;59m▄[48;2;233;178;28m[38;2;255;221;55m▄[48;2;94;17;0m[38;2;255;221;53m▄[48;2;252;186;24m[38;2;255;221;55m▄[48;2;255;229;64m[38;2;255;221;56m▄[48;2;0;0;0m[38;2;0;0;0m▄[48;2;255;224;57m[38;2;255;217;48m▄[48;2;255;227;59m[38;2;255;219;53m▄[48;2;100;17;0m[38;2;255;218;48m▄[48;2;101;17;0m[38;2;255;216;44m▄[48;2;211;114;0m[38;2;255;200;19m▄[48;2;101;16;0m[38;2;101;16;0m▄[48;2;255;235;69m[38;2;255;224;59m▄[48;2;0;0;0m[38;2;0;0;0m▄[38;2;127;0;0m▄[48;2;85;9;0m[38;2;90;8;0m▄[48;2;255;210;23m[38;2;255;219;36m▄[48;2;255;251;82m[38;2;255;246;77m▄[48;2;0;0;0m[38;2;97;16;0m▄[38;2;97;17;0m▄[48;2;100;17;0m[38;2;99;17;0m▄[48;2;255;251;81m[38;2;255;245;76m▄[48;2;0;0;0m[38;2;248;215;42m▄[48;2;102;17;0m[38;2;111;23;0m▄[48;2;255;238;68m[38;2;255;226;59m▄[48;2;255;230;48m[38;2;100;17;0m▄[48;2;103;18;0m[38;2;170;90;9m▄[48;2;255;214;45m[38;2;255;205;38m▄[48;2;255;215;48m[38;2;106;20;0m▄[48;2;255;207;37m[38;2;255;197;32m▄[48;2;0;0;0m[38;2;255;200;18m▄[38;2;0;0;0m▄▄▄▄▄▄▄▄[0m
[48;2;0;0;0m[38;2;0;0;0m▄▄▄▄▄▄[48;2;51;0;0m[38;2;255;199;30m▄[48;2;255;213;40m[38;2;212;142;15m▄[48;2;255;215;45m[38;2;99;17;0m▄[48;2;255;215;49m[38;2;255;201;34m▄[48;2;255;209;39m[38;2;255;201;33m▄[48;2;88;16;0m[38;2;83;12;0m▄[48;2;255;212;47m[38;2;255;200;36m▄[48;2;255;211;43m[38;2;255;195;28m▄[48;2;0;0;0m[38;2;0;0;0m▄[48;2;145;54;2m[38;2;118;35;1m▄[48;2;255;209;45m[38;2;255;196;33m▄[48;2;0;0;0m[38;2;0;0;0m▄[48;2;255;206;38m[38;2;255;195;26m▄[48;2;255;205;40m[38;2;255;194;30m▄[48;2;101;18;0m[38;2;255;193;28m▄[48;2;100;18;0m[38;2;255;194;28m▄[48;2;104;22;0m[38;2;255;191;22m▄[48;2;100;17;0m[38;2;99;17;0m▄[48;2;255;209;45m[38;2;255;198;30m▄[48;2;255;206;39m[38;2;255;200;30m▄[48;2;255;212;44m[38;2;255;204;33m▄[48;2;255;210;40m[38;2;255;200;21m▄[48;2;255;224;49m[38;2;255;214;13m▄[48;2;255;232;66m[38;2;0;0;0m▄[48;2;255;235;67m▄[48;2;255;236;69m▄[48;2;0;0;0m▄[48;2;168;77;4m▄[48;2;255;224;56m▄[48;2;255;218;49m▄[48;2;255;210;30m▄[48;2;0;0;0m▄[48;2;255;197;21m▄[48;2;0;0;0m▄▄▄▄▄▄▄▄▄▄▄▄[0m
[48;2;0;0;0m[38;2;0;0;0m▄▄▄▄▄▄[48;2;255;190;20m▄[48;2;255;193;27m▄[48;2;255;190;24m▄[48;2;255;191;23m▄[48;2;255;187;17m▄[48;2;0;0;0m▄[48;2;255;192;22m▄[48;2;255;192;15m▄[48;2;0;0;0m▄[48;2;187;102;0m▄[48;2;255;188;18m▄[48;2;0;0;0m▄▄▄▄▄▄▄▄▄▄▄▄▄▄▄▄▄▄▄▄▄▄▄▄▄▄▄▄▄▄▄▄▄▄[0m
[48;2;0;0;0m[38;2;0;0;0m▄▄▄▄▄▄▄▄▄▄▄▄▄▄▄▄▄▄▄▄▄▄▄▄▄▄▄▄▄▄▄▄▄▄▄▄▄▄▄▄▄▄▄▄▄▄▄▄▄▄▄[0m
[48;2;0;0;0m[38;2;0;0;0m▄▄▄▄▄▄▄▄▄▄▄▄▄▄▄▄▄▄▄▄▄▄▄▄▄▄▄▄▄▄▄▄▄▄▄▄▄▄▄▄▄▄▄▄▄▄▄▄▄▄▄[0m
[48;2;0;0;0m[38;2;0;0;0m▄▄▄▄▄▄▄▄▄▄▄▄▄▄▄▄▄▄▄▄▄▄▄▄▄▄▄▄▄▄▄▄▄▄▄▄▄▄▄▄▄▄▄▄▄▄▄▄▄▄▄[0m
[48;2;0;0;0m[38;2;0;0;0m▄▄▄▄▄▄▄▄▄▄▄▄▄▄▄▄▄▄▄▄▄▄▄▄▄▄▄▄▄▄▄▄▄▄▄▄▄▄▄▄▄▄▄▄▄▄▄▄▄▄▄[0m
[48;2;0;0;0m[38;2;0;0;0m▄▄▄▄▄▄▄▄▄▄▄▄▄▄▄▄▄▄▄▄▄▄▄▄▄▄▄▄▄▄▄▄▄▄▄▄▄▄▄▄▄▄▄▄▄▄▄▄▄▄▄[0m
